96315 1 4.72625 15.2664 77.1217
96074 1 3.66106 14.278 77.6956
96308 1 2.45212 14.9575 76.9626
96355 1 20.0922 16.2805 77.7566
96088 1 8.49597 11.911 77.7567
96078 1 5.5042 12.6309 77.6176
91167 2 15.652 9.33665 73.731
91517 2 1.06191 16.4138 73.9451
96084 1 6.82594 13.4908 78.0323
95875 1 18.2748 8.32839 75.4156
95872 1 17.1014 7.83679 76.7147
95881 2 20.6165 7.80754 77.0428
95869 1 15.2617 9.7355 76.9454
95878 1 18.5726 9.37053 76.8038
95880 2 19.7129 10.6317 76.1534
95316 1 4.8602 1.20099 77.5961
95329 1 8.67506 1.0271 77.5975
95596 1 3.71656 7.18377 77.653
95636 1 18.1358 7.13472 77.6843
95640 1 19.983 5.22069 77.5371
95646 1 21.1782 6.25649 77.668
95840 1 4.80708 8.31693 77.6516
95846 1 7.31491 10.833 77.7431
95876 1 17.4796 10.144 77.6525
95870 1 16.4121 9.01215 77.5885
95879 1 19.1138 8.36187 77.8679
95321 1 7.4212 -0.0609026 77.5938
96314 1 4.04876 16.515 76.8039
96792 1 5.63744 23.5037 78.0271
96798 1 6.76887 24.6835 78.0127
96316 2 5.29392 17.7118 76.2825
97610 1 16.2417 34.505 78.2109
97566 1 0.304169 36.451 77.8165
98098 1 21.0056 42.8456 77.575
98312 2 12.1158 46.5997 76.0268
98308 1 10.8511 45.5027 76.8021
98515 1 0.052855 50.3181 77.2054
98298 1 7.61678 45.8103 76.4987
98064 1 8.91064 41.8865 77.5083
98044 1 1.19092 40.8178 77.5002
97852 1 16.9459 38.9361 77.921
97846 1 15.6546 37.6743 77.7589
97836 1 11.71 37.3508 77.9863
97818 1 5.26851 37.8552 77.6131
97824 1 6.313 39.0967 77.7316
98077 2 12.9562 43.8762 77.0811
97814 1 2.87737 38.959 77.6335
97809 1 1.59958 37.6798 77.5722
97804 1 0.0500195 39.7188 77.528
97832 1 10.7 40.0531 77.5068
97625 1 21.4569 35.4804 77.9348
98070 1 10.2154 43.0599 77.2068
97619 1 20.1839 34.2517 78.2713
98307 1 9.74262 46.2649 77.467
97840 1 13.0049 40.3644 76.8027
97856 1 18.6392 36.998 78.0972
97616 1 17.4647 35.8075 78.0763
98073 1 11.8274 41.1958 77.3152
98079 1 14.5247 43.2588 77.802
98322 1 15.6322 44.4174 77.5369
98311 1 11.2458 44.3669 77.7927
98301 1 8.60939 45.1396 77.4411
93113 2 8.09539 45.1478 73.4023
97606 1 14.4369 36.3577 78.0106
97596 1 10.574 36.2021 78.0008
98092 1 19.8067 41.8056 77.7171
97842 1 14.1679 39.8099 77.7502
98083 1 15.4162 40.8986 77.7512
97623 2 19.8851 36.2142 76.7172
97825 2 7.91428 38.4191 77.0479
97837 1 12.116 39.4941 75.8253
97843 1 14.7815 38.627 76.9016
97841 1 13.8858 37.6897 76.131
97853 1 18.1651 38.315 77.2619
97857 2 19.3718 39.3438 76.3248
99530 1 3.82391 64.5425 76.9376
99536 1 5.0084 65.6978 76.8461
99336 1 19.9383 62.7736 76.8379
99320 1 14.8673 61.3735 76.8631
99326 1 16.1244 62.622 76.6435
99316 1 12.9165 63.17 76.8937
99286 1 1.39283 62.113 76.9849
99060 1 19.5654 58.9644 76.6944
99340 1 20.8632 60.2374 76.8939
99048 1 16.4515 59.4766 76.7652
99330 1 17.5943 60.5736 76.6796
99281 1 0.281427 60.9748 76.9481
99065 1 20.985 56.9655 76.7605
99053 1 18.2237 57.7579 76.8291
99036 1 11.3083 58.6403 77.1678
99039 2 13.0648 58.0377 76.5286
99025 1 8.3876 58.6988 76.9433
99018 1 7.22581 57.5147 77.0206
99058 1 19.8142 55.8638 76.7994
99046 1 14.3477 55.4295 77.4108
99041 1 13.0788 56.3124 77.554
99778 1 7.42179 67.91 76.8574
99565 1 16.3971 66.3165 76.6536
99768 1 3.84608 68.0049 76.8718
98754 1 0.141631 54.0348 77.0976
98999 1 1.3121 55.1374 77.0146
98808 1 19.5922 52.5278 77.0999
98814 1 20.8072 53.5933 77.0025
98804 1 17.0464 53.8136 76.9446
98799 1 15.98 52.6048 77.0591
99808 1 17.5254 67.4469 76.6931
98759 1 1.22695 51.5442 77.1606
99579 1 21.1268 63.9482 76.7818
75756 2 15.4949 66.4271 58.6263
99569 1 17.3921 63.8717 76.7066
99559 1 14.1442 64.212 76.6784
89316 2 1.10693 59.3185 69.4645
93696 2 8.22415 59.3733 72.8831
99818 1 21.1375 67.4965 76.7027
99546 1 9.03968 65.794 76.7785
99575 1 19.9502 66.3508 76.7056
99302 1 7.80206 59.7714 76.0143
99310 1 10.8805 60.0016 76.2274
99315 2 12.3849 60.741 75.4211
99998 1 0.269622 71.447 77.2303
100749 1 8.48981 83.1204 77.4803
100283 1 16.0855 76.4466 76.7032
100277 1 14.7252 75.2216 76.7287
76521 2 15.6126 80.7037 58.8808
85294 2 1.08256 73.573 66.1936
89902 2 5.53591 71.7872 68.5964
90103 2 11.0467 73.5653 68.4978
100532 1 20.0325 80.2516 76.9607
100522 1 16.4396 80.2279 76.9037
100780 1 17.5767 81.3561 76.9118
100757 1 11.2201 80.2743 76.7101
90096 2 8.08859 73.5871 69.4041
100503 1 8.90275 79.9351 76.8672
100755 1 10.0377 81.0357 77.4232
100742 1 7.31461 81.9791 77.4373
94887 2 8.32534 80.6542 73.192
100526 1 17.3615 77.6973 76.8557
100516 1 12.6894 77.7987 77.5183
100512 1 11.4307 78.8006 77.6291
100497 1 7.62938 78.738 77.141
100515 2 13.8557 78.664 76.3446
100760 2 12.3542 81.5485 75.6751
100043 1 15.8122 72.7881 76.6839
99764 1 1.952 69.7093 77.0672
99774 1 5.00396 69.0611 76.8765
100007 1 3.17042 70.7988 77.094
99784 1 8.64524 69.1955 76.8257
99804 1 16.4872 69.8966 76.7197
100047 1 17.6261 70.9994 76.7362
99814 1 20.2454 69.9984 76.7952
100037 1 14.5788 71.6603 76.7563
100003 1 1.3979 72.607 77.1899
100017 1 7.44437 71.4996 76.951
100023 1 8.64531 72.673 76.946
100033 1 12.1829 72.7274 76.7899
100027 1 11.0254 71.5568 76.7563
95943 1 42.4732 9.22972 76.1902
96384 2 29.8339 16.6111 77.1137
95371 1 21.6952 3.42303 77.2828
95925 1 35.9 10.9168 77.1009
95929 1 37.3676 9.08778 77.081
95919 1 33.3778 8.43735 77.1045
95915 1 31.8145 10.3113 77.2751
95910 1 30.6009 9.16304 77.2788
95905 1 28.9992 10.9584 77.338
95899 1 26.5633 8.44573 77.3415
96153 1 32.3931 14.4053 77.4167
95706 1 42.0089 6.40811 77.7105
95696 1 38.9908 7.31422 77.2001
95686 1 34.9862 6.61905 77.2494
95680 1 33.8448 5.45301 77.1771
95676 1 32.2088 7.31686 77.1793
95666 1 28.2402 6.54555 77.2796
95660 1 27.0235 5.38262 77.2514
95656 1 25.4095 7.31116 77.4106
95700 1 40.7028 5.44643 77.4314
95443 1 41.786 3.04062 77.4226
96176 1 40.9455 13.2426 77.1797
96182 1 42.218 14.3047 77.0791
91214 2 36.674 9.36868 73.0889
96163 1 35.3777 13.7792 77.2565
96413 1 41.0585 16.4064 76.9717
96167 1 37.0719 11.9647 77.0568
96157 1 34.2053 12.7038 77.2231
95931 1 37.9463 7.94361 76.2584
95938 1 40.1665 8.11026 76.5935
96404 1 37.9121 16.1514 77.0306
95937 1 39.632 9.37714 76.0708
95939 2 41.0308 10.4528 75.6351
96147 1 30.108 12.0698 77.3419
96392 2 32.6479 16.4778 75.954
95431 1 38.5052 3.16918 77.236
95690 1 36.6346 4.88685 77.1774
95401 1 30.2973 1.73492 76.9843
95412 1 33.1946 1.18273 77.0896
95935 1 38.6525 10.0712 77.0259
95425 1 37.3753 2.07796 77.1594
95429 1 39.2714 0.440302 77.2748
95436 1 40.5078 1.73685 77.2315
96393 1 33.576 15.5498 77.2233
95650 1 22.8852 4.58799 77.4111
95395 1 28.6739 3.49214 77.0704
95670 1 29.8477 4.64306 77.1486
95407 1 31.4275 2.83508 77.0653
95419 1 35.5793 3.73514 77.148
95944 1 43.0212 11.5951 77.4575
96897 1 42.9789 25.0605 76.7936
97426 1 36.6603 30.2013 77.5924
97157 1 38.1313 30.0092 77.5751
97658 1 33.8756 30.014 77.4728
97411 1 30.5815 30.5986 77.6431
97678 1 38.3162 29.3433 78.9892
96887 1 38.6104 27.2482 77.986
97436 1 36.0708 27.8348 78.5288
97132 1 35.418 26.2555 78.0455
96872 2 34.2229 24.5611 75.9718
96882 1 36.691 22.7425 76.5239
96880 1 36.348 24.339 76.5343
96877 1 36.6825 25.3926 77.7178
96870 1 32.9315 23.4876 76.6402
96868 1 31.8487 24.1929 77.4709
97638 1 26.931 33.2017 77.9968
96638 1 35.837 21.406 76.9557
96871 1 33.3653 22.1447 77.3709
78608 2 29.6823 30.5199 63.0694
96419 1 42.2025 17.5789 76.9272
96409 1 38.9056 17.4113 76.9483
96399 1 36.0256 17.8238 77.1277
96642 1 37.1362 19.1122 77.0307
96632 1 33.6605 19.0337 77.1871
96389 1 32.4658 17.9789 77.21
96381 1 28.1172 17.0637 77.8404
97137 1 36.0697 28.7141 77.2922
97675 1 39.2909 31.1939 77.5334
97168 1 40.9048 29.3165 77.1204
91964 2 29.8974 23.4447 73.5114
97431 1 37.6736 27.9312 78.9917
97416 1 32.6977 32.8854 78.4859
96873 2 34.2593 21.4408 75.7575
96861 1 29.5937 23.884 76.6868
97682 1 39.2516 32.7829 77.5483
97642 2 29.9554 33.6362 78.1664
97446 1 40.8534 33.2886 77.2009
98347 1 24.5664 46.0661 77.5485
98614 1 40.6244 43.5177 77.6736
98145 1 42.755 46.176 77.785
98628 1 38.3053 43.38 77.0576
98149 1 39.5194 42.4232 77.7319
97906 1 35.4922 42.9435 77.8375
98135 1 36.3625 43.9898 78.6831
97928 1 37.4577 44.4474 77.7206
98351 1 31.0504 45.2305 78.7052
98117 1 27.7577 42.7799 77.8028
98342 1 23.3903 44.9996 77.5269
98121 1 29.7777 40.8773 78.1118
97882 1 28.5478 39.8417 78.4135
98111 1 26.5294 41.6549 77.8223
98102 1 22.822 40.767 77.5203
98629 1 40.8046 48.2108 77.8452
92994 1 34.6005 38.1451 78.5637
97890 1 30.6474 39.5296 77.5206
98417 1 39.4751 49.2932 77.4292
97881 1 30.6381 37.1347 78.2332
97887 1 32.0731 37.5658 78.83
98398 1 33.2077 46.5397 78.6195
98622 1 38.0232 50.2788 77.2767
97883 1 29.6661 38.4719 77.9979
97872 1 25.2305 38.0025 77.0294
97863 1 22.289 38.113 77.2363
98377 1 34.7509 48.7551 78.7347
98623 1 40.3653 46.4141 75.51
98148 1 41.0147 46.5922 77.7289
98402 1 39.7638 45.9142 76.8256
98157 1 38.4087 46.9088 76.5828
98382 1 35.5613 45.3358 78.7919
97676 1 39.3374 35.3076 77.5088
97911 1 38.2949 34.2073 78.0476
98137 1 34.0579 45.035 78.5414
74796 2 36.8805 44.9597 59.5599
79398 2 41.299 46.8174 62.2072
97664 1 33.1574 36.1779 78.5365
97665 1 34.5404 35.054 78.4924
97648 1 31.6766 34.1695 78.6948
97644 1 27.9703 34.2158 78.6562
97876 1 27.9834 35.424 77.5713
97635 1 24.5587 34.5563 78.079
97633 1 24.1062 35.8981 77.3166
97866 1 22.7426 36.7262 78.109
88202 2 36.7569 37.8603 70.1478
88208 2 39.537 37.8715 69.0671
97926 1 40.6211 47.9357 75.5097
98636 1 42.5808 50.1934 75.3594
93377 1 41.4787 48.6462 76.5448
97868 1 25.4315 36.4876 76.603
92762 2 23.552 37.764 74.7187
97873 1 23.6749 38.5128 76.4894
97877 2 26.6038 38.9927 76.349
98381 1 39.6283 44.2517 76.6269
97862 1 21.7423 39.6795 77.8739
98385 1 40.2836 50.7118 78.137
98624 1 41.7239 51.1455 77.3857
99634 1 40.1602 65.5002 77.6635
99828 1 24.6597 67.4136 76.7317
99628 1 38.8279 64.347 77.3386
99619 1 35.5621 64.7746 77.1719
99615 1 33.0898 65.6489 77.0543
99609 1 31.7967 64.3728 76.9131
79752 2 29.0264 52.1111 61.9795
79758 2 32.5831 52.2654 62.0357
99396 1 40.3074 62.1836 77.4577
84581 2 37.013 59.3183 66.4491
99386 1 37.5688 63.1082 77.3774
99370 1 32.1141 61.2425 77.0634
89193 2 41.3467 57.528 69.2572
89405 2 41.3495 61.1448 69.1638
99376 1 33.2445 62.3696 76.9899
99366 1 30.4994 63.106 77.0702
99585 1 23.4717 66.2771 76.6855
98639 1 40.0279 53.5154 76.0423
98155 1 41.5095 53.4501 76.1554
99605 1 30.355 66.3459 76.8564
99860 2 36.4077 66.6102 76.6991
99869 2 39.485 67.1779 76.9327
98387 1 39.2667 51.9021 78.4018
98859 1 38.1962 51.827 77.1998
98158 1 41.5307 52.7391 77.5145
98625 1 40.1845 53.1913 78.3068
98869 1 39.6931 54.2638 77.2964
98872 1 40.8026 55.3946 77.1719
99848 1 31.4603 67.4992 76.9943
99360 1 24.8464 58.2276 77.8303
99130 1 41.4043 55.7601 78.4939
98879 1 42.0206 57.2519 78.4989
99072 1 23.5906 59.2386 77.0841
99350 1 24.6532 60.4939 76.9333
99084 1 26.2437 58.8835 77.142
99132 1 39.4686 58.5937 78.3975
98147 1 38.4339 59.7744 78.2808
99148 1 41.9406 58.5559 77.5348
99346 1 23.6221 62.9797 76.9117
99838 1 28.6546 68.0925 76.7796
99858 1 35.7878 68.2717 77.3424
98644 1 42.6865 54.8598 78.7355
99137 1 42.7762 53.335 78.1871
100566 1 32.2221 78.7041 77.0121
100546 1 24.7051 77.7945 76.9092
100303 1 23.5795 76.688 76.8814
100852 1 36.8006 83.4096 77.1901
100353 1 40.2106 76.403 77.3379
95417 1 35.0421 85.0992 77.1318
100323 1 29.8261 76.2614 76.9698
100317 1 28.6705 75.0982 76.902
100313 1 26.3627 76.0536 76.8586
100307 1 25.2585 74.8611 76.7956
100113 1 40.379 73.088 77.3414
100107 1 39.2402 71.9372 77.3804
100087 1 32.1606 71.7113 76.9866
100083 1 30.3783 73.3906 76.9217
100073 1 26.2332 72.5078 76.7057
99864 1 36.9586 69.3383 77.2834
100097 1 35.0936 71.1375 77.1101
99854 1 33.9793 70.0159 77.06
100845 1 35.6116 82.2842 77.1665
100572 1 33.3355 79.9088 77.0888
100536 1 21.908 78.6026 76.8386
99824 1 23.6809 69.9215 76.7877
100067 1 24.9381 71.2404 76.6273
100077 1 28.0351 70.89 76.7216
99834 1 26.8883 69.7395 76.6861
99844 1 29.7517 69.258 76.8808
96444 1 50.7211 15.7203 77.1896
96202 1 49.5935 14.6204 77.2409
96433 1 47.9113 16.3857 77.0888
96424 1 44.5156 16.4773 77.131
95949 1 44.7072 9.58231 77.4555
95716 1 45.5502 6.99125 77.3673
95710 1 44.3786 5.75177 77.374
96678 1 49.2046 21.0958 76.9465
96955 1 64.1111 25.5744 77.4115
97486 1 56.3639 31.9878 76.8439
96668 1 45.7937 21.1022 76.8157
97228 1 58.5584 27.3499 77.2474
97222 1 56.9289 29.1689 76.9944
97491 1 58.0794 30.2932 77.014
97480 1 55.2288 30.8138 76.888
97248 1 63.766 28.8302 77.2422
97235 1 59.769 28.4595 77.2231
97215 1 54.4615 26.4434 76.9918
78233 2 53.8806 23.5564 61.5855
96682 1 51.4203 19.9201 77.1044
97202 1 51.693 27.154 76.8068
97209 1 52.8215 28.2835 76.8489
97196 1 49.3841 28.2231 76.7549
96439 1 49.0223 17.5224 77.1363
97189 1 48.2381 27.0715 76.7629
97241 1 62.4749 27.5683 77.3847
96429 1 45.748 17.6018 77.0456
97176 1 44.0688 26.2743 76.8341
96672 1 47.9898 19.8947 76.9986
96662 1 44.6598 19.9216 76.8929
96935 1 56.2 24.6104 77.0976
96928 2 53.5589 23.5361 75.9283
96929 1 55.1599 23.3012 77.1259
96925 1 53.258 25.3141 76.8813
96917 1 49.0612 24.6599 77.0579
96920 2 50.6095 23.9121 76.4003
96911 1 48.0237 23.4463 76.8482
96902 1 44.7244 23.378 76.7606
96907 1 45.8445 24.5411 76.7492
96698 1 60.7357 22.2457 78.4174
96688 1 52.5491 21.0566 77.1216
96718 1 64.0108 21.8178 77.5274
98678 1 58.4509 47.8411 77.3381
98655 1 53.7095 49.6559 77.7502
98904 1 48.3596 49.6442 77.4765
98392 1 49.8201 48.2336 78.8154
98395 1 48.4026 48.0732 78.0175
98643 1 49.8946 49.528 77.9173
98455 1 63.7758 45.8013 76.8355
98446 2 61.0168 44.8113 75.8198
98445 1 60.9186 46.4899 77.0061
98438 2 58.1031 45.055 76.7252
98437 1 57.2712 46.7497 77.5233
98211 1 60.1375 39.7904 78.2046
98688 1 62.0986 47.5413 77.0692
98172 1 50.7427 36.3997 77.8082
97734 1 59.8449 35.5947 76.9318
97724 1 56.4301 35.3593 76.8463
97728 1 58.7552 34.399 76.8728
97714 1 53.5453 35.8453 76.8751
98449 1 62.6774 44.5644 76.8487
98207 1 60.6648 42.2292 77.1429
98197 1 56.5154 41.9521 77.4842
98201 1 59.6591 41.1275 77.4784
97962 1 58.0998 41.6063 77.4831
98191 1 55.5695 40.7263 77.0875
98391 1 52.1021 39.6825 78.3636
98393 1 46.0555 46.0303 77.8094
97972 1 59.9217 39.0427 76.8838
97967 1 58.6571 37.8802 76.8695
97956 1 54.7359 37.0562 76.8814
98399 1 43.6401 47.4906 77.6202
98386 1 45.1765 44.7213 78.2646
97718 1 55.2856 34.1749 76.8053
98405 1 50.6066 50.7369 78.6142
98650 1 54.2882 50.9381 78.5696
98882 1 43.7998 55.7458 78.234
98878 1 43.5295 57.1351 78.7817
99400 1 42.995 61.1078 77.9396
99668 1 50.8681 61.3767 78.6786
99410 1 45.0949 63.553 78.62
98914 1 56.5422 52.9898 77.7271
99416 1 43.9522 64.8092 78.6404
99420 1 52.103 60.2531 78.6675
98905 1 50.2305 58.5116 78.6391
99149 1 49.068 59.6122 78.6176
98652 1 52.1122 53.5103 78.4362
98408 1 50.4557 53.1787 78.2631
98165 1 44.385 58.3965 78.3727
98642 1 43.1995 59.4647 77.9147
98895 1 52.5144 54.5716 79.4568
99166 1 52.0995 55.9653 78.7741
98635 1 43.1285 51.5802 75.3873
98873 1 43.4723 51.2447 76.9279
98618 1 43.9889 52.8146 77.3569
98888 1 46.962 51.4763 76.8295
99156 1 48.5445 51.2619 77.36
99168 1 49.4523 51.8855 78.5817
98868 1 51.7555 51.4389 77.7178
98902 1 53.1101 52.2142 78.2343
98908 1 55.514 51.5956 77.6513
98645 1 45.9722 56.6791 77.7044
99142 1 45.4562 53.7727 77.7118
98864 1 45.2929 55.3719 78.4781
98892 1 49.7797 54.5754 78.1736
76430 2 60.9734 74.2625 59.5809
100891 1 47.3581 83.5906 77.5579
100626 1 53.3761 78.8756 77.9132
100632 1 54.5279 79.9732 77.8874
100884 1 46.1055 82.3674 77.4701
96246 1 65.011 12.0042 77.7243
77877 2 65.1734 16.4635 62.9353
77883 2 68.0583 16.4479 62.155
95586 1 84.9656 6.56347 77.5387
95551 1 75.08 3.95762 77.8254
95790 1 73.1832 5.69458 77.8391
95800 1 76.2402 5.05795 77.7002
95796 1 74.378 6.83364 77.7057
97520 1 68.8006 30.2437 77.3479
97261 1 67.5738 29.0671 77.3028
97511 1 65.086 30.091 77.2824
97267 1 68.7636 26.5836 77.4213
97254 1 65.2889 26.7035 77.2873
96965 1 67.557 25.4656 77.4078
96960 1 65.1985 23.0094 77.5252
98217 1 64.5213 43.0645 76.8364
98465 1 68.134 46.6533 76.9952
98694 1 64.5629 49.8741 77.2116
97778 1 76.4946 34.2635 77.5372
98469 1 69.5539 44.7325 77.0725
98708 1 69.2474 47.7949 77.0375
98010 1 74.9337 39.7585 77.2574
98460 1 65.6715 44.2132 76.8258
98251 1 76.162 40.8952 77.3349
79304 2 84.1555 43.1421 61.822
98241 1 72.8401 41.2301 77.3071
98231 1 69.6441 41.4756 77.0561
98221 1 66.2255 41.3965 76.8884
98744 1 82.1884 50.3841 77.1179
98034 1 83.2326 37.4143 77.6527
97996 1 69.4786 37.9648 77.1567
97992 1 67.2134 39.1613 77.0121
98724 1 75.2081 50.1819 76.9735
88280 2 72.587 37.915 69.8375
98014 1 75.8497 37.1328 77.425
97794 1 82.0992 36.1934 77.7454
97784 1 77.6187 35.4017 77.6405
97774 1 74.7094 36.0323 77.398
98500 1 79.6914 44.3198 77.3975
97764 1 71.2033 36.2505 77.2306
98003 2 72.1678 38.1954 76.8135
98257 1 78.5221 43.1883 77.3819
98247 1 75.0637 43.3055 77.2393
98704 1 67.461 49.3791 77.1241
98489 1 76.2069 44.3759 77.2288
98002 1 70.6021 39.0824 77.3604
98698 1 66.27 48.2124 77.0707
98748 1 83.1998 47.955 77.2941
98505 1 82.0689 46.7285 77.3918
98237 1 70.8331 42.6557 77.1156
98227 1 67.4236 42.5068 76.9013
98011 2 75.0899 38.1479 76.1121
98714 1 71.8889 50.2574 76.9193
99738 1 78.2111 63.4189 77.2588
99744 1 80.3301 65.5635 77.2679
99718 1 71.12 63.4501 77.6611
99714 1 69.3431 65.232 77.7483
99506 1 79.9078 61.7433 77.1114
99496 1 77.0381 62.3266 77.3699
98979 1 80.4631 52.0537 76.9795
98968 1 76.2896 51.3795 76.977
98964 1 74.432 52.8255 77.0238
99476 1 70.0136 62.3457 77.7065
75884 2 72.2679 66.3617 59.3092
80668 2 75.8729 68.1289 61.0431
80643 2 65.3569 66.294 63.103
99276 1 83.4097 58.5323 76.917
99221 1 68.2639 56.9479 77.4929
99264 1 80.5577 59.0088 77.0082
99274 1 83.989 55.689 76.9857
98974 1 78.7252 53.6293 77.0028
99510 1 81.6699 60.1256 76.9905
99262 1 79.8725 54.8267 76.9868
99500 1 78.7191 60.6162 77.1187
99250 1 76.8958 55.2341 77.1162
99238 1 73.5594 55.2912 77.1664
99228 1 69.3726 58.0071 77.581
99226 1 69.7038 54.9256 77.2509
98944 1 68.4045 53.6588 77.3076
99470 1 67.5827 59.8171 77.7155
99216 1 66.3933 58.7047 77.7073
98995 1 85.1404 56.8336 76.9964
99269 1 82.2859 57.3818 76.9222
98988 1 83.3311 51.5845 77.0336
99257 1 78.0485 56.4169 77.089
99252 1 76.1205 57.8749 77.2609
98984 1 81.5638 53.2489 76.9356
98939 1 65.7015 51.0397 77.2887
99245 1 74.8484 56.5714 77.16
98948 1 70.0107 51.7864 77.1211
98954 1 71.1944 52.8999 77.0886
99233 1 71.0378 56.1372 77.3063
98959 1 73.1695 51.5147 76.9184
99987 1 82.2328 67.7775 77.1466
101001 1 77.9365 81.4952 77.8231
100692 1 76.7984 80.4225 77.844
100686 1 74.4742 77.8196 77.8173
81055 2 79.4765 73.4402 62.9758
100443 1 73.3883 76.631 77.8364
99993 1 83.3837 68.945 77.2123
100207 1 75.231 71.2108 77.616
