91167 2 15.652 9.33665 73.731
91517 2 1.06191 16.4138 73.9451
95881 2 20.6165 7.80754 77.0428
95880 2 19.7129 10.6317 76.1534
96316 2 5.29392 17.7118 76.2825
98312 2 12.1158 46.5997 76.0268
98077 2 12.9562 43.8762 77.0811
93113 2 8.09539 45.1478 73.4023
97623 2 19.8851 36.2142 76.7172
97825 2 7.91428 38.4191 77.0479
97857 2 19.3718 39.3438 76.3248
99039 2 13.0648 58.0377 76.5286
75756 2 15.4949 66.4271 58.6263
89316 2 1.10693 59.3185 69.4645
93696 2 8.22415 59.3733 72.8831
99315 2 12.3849 60.741 75.4211
76521 2 15.6126 80.7037 58.8808
85294 2 1.08256 73.573 66.1936
89902 2 5.53591 71.7872 68.5964
90103 2 11.0467 73.5653 68.4978
90096 2 8.08859 73.5871 69.4041
94887 2 8.32534 80.6542 73.192
100515 2 13.8557 78.664 76.3446
100760 2 12.3542 81.5485 75.6751
96384 2 29.8339 16.6111 77.1137
91214 2 36.674 9.36868 73.0889
95939 2 41.0308 10.4528 75.6351
96392 2 32.6479 16.4778 75.954
96872 2 34.2229 24.5611 75.9718
78608 2 29.6823 30.5199 63.0694
91964 2 29.8974 23.4447 73.5114
96873 2 34.2593 21.4408 75.7575
97642 2 29.9554 33.6362 78.1664
74796 2 36.8805 44.9597 59.5599
79398 2 41.299 46.8174 62.2072
88202 2 36.7569 37.8603 70.1478
88208 2 39.537 37.8715 69.0671
92762 2 23.552 37.764 74.7187
97877 2 26.6038 38.9927 76.349
79752 2 29.0264 52.1111 61.9795
79758 2 32.5831 52.2654 62.0357
84581 2 37.013 59.3183 66.4491
89193 2 41.3467 57.528 69.2572
89405 2 41.3495 61.1448 69.1638
99860 2 36.4077 66.6102 76.6991
99869 2 39.485 67.1779 76.9327
78233 2 53.8806 23.5564 61.5855
96928 2 53.5589 23.5361 75.9283
96920 2 50.6095 23.9121 76.4003
98446 2 61.0168 44.8113 75.8198
98438 2 58.1031 45.055 76.7252
76430 2 60.9734 74.2625 59.5809
77877 2 65.1734 16.4635 62.9353
77883 2 68.0583 16.4479 62.155
79304 2 84.1555 43.1421 61.822
88280 2 72.587 37.915 69.8375
98003 2 72.1678 38.1954 76.8135
98011 2 75.0899 38.1479 76.1121
75884 2 72.2679 66.3617 59.3092
80668 2 75.8729 68.1289 61.0431
80643 2 65.3569 66.294 63.103
81055 2 79.4765 73.4402 62.9758
