91167 2 15.3737 9.36987 73.5922
91517 2 1.16188 16.5862 73.6545
95880 2 19.5078 10.779 76.0703
95881 2 20.4832 8.08319 77.0291
96317 2 6.14704 15.1597 77.0127
96316 2 5.19093 17.8755 76.1404
92747 2 15.5169 37.9341 73.493
93113 2 8.33005 44.9851 73.3977
97825 2 8.15797 38.1675 76.9157
97857 2 20.0151 39.5183 76.2089
80354 2 19.974 64.6398 61.9788
89316 2 1.15877 59.243 69.9872
99039 2 13.4833 57.9932 77.1623
76521 2 15.5157 80.6099 59.4869
85294 2 1.21571 73.5051 66.4926
90103 2 11.1928 73.4832 69.1529
90096 2 8.40468 73.5151 70.1568
94887 2 8.3378 80.5844 73.7227
100760 2 12.3911 82.0449 76.2449
100515 2 13.3789 79.2429 77.0789
91214 2 36.7414 9.4808 73.3936
95939 2 40.8296 10.8718 76.0068
96392 2 32.3495 16.4854 75.9783
95940 2 41.8377 8.01727 77.0413
78608 2 29.7183 30.7969 62.7116
96384 2 29.7026 17.6504 76.4244
74796 2 36.8175 45.0434 59.0705
79209 2 41.7588 43.5771 62.6906
79398 2 41.101 46.5634 61.8262
92762 2 22.7458 37.7784 73.3262
79752 2 29.7059 52.0554 62.7134
89193 2 41.4372 57.372 68.9033
99869 2 40.0448 66.2897 76.916
99860 2 36.5182 66.6935 77.0222
78227 2 51.0403 23.6917 62.7655
78233 2 53.917 23.6489 61.9915
96928 2 53.9021 24.6338 76.9897
77877 2 65.4412 16.366 63.0302
74891 2 79.6569 45.0318 59.2454
88280 2 72.4132 38.0033 69.9914
98011 2 75.5242 38.4555 76.8395
98003 2 72.3423 38.0288 77.0871
80643 2 65.3075 66.3319 62.8828
80650 2 68.1627 66.3499 62.0718
81055 2 79.6876 73.4345 62.9874
