91167 2 15.3737 9.36987 73.5922
91517 2 1.16188 16.5862 73.6545
95872 1 16.7833 7.97887 76.6537
95869 1 15.0113 9.80211 76.6314
95878 1 18.3235 9.52185 76.7081
95880 2 19.5078 10.779 76.0703
96110 1 16.7418 11.4588 76.6694
96308 1 2.4435 15.1796 76.7315
96314 1 4.01456 16.7674 76.8934
95636 1 17.8264 7.34042 77.5334
95881 2 20.4832 8.08319 77.0291
95876 1 17.2582 10.2846 77.4924
95870 1 16.1298 9.15409 77.4799
95879 1 18.8908 8.47285 77.7358
96094 1 10.3565 13.9593 77.5094
96088 1 9.21257 12.8156 77.5648
96117 1 20.1432 13.038 77.8786
96306 1 1.89846 16.3426 77.5762
96315 1 4.50275 15.514 77.7632
96084 1 7.64717 14.6816 77.8582
96317 2 6.14704 15.1597 77.0127
96326 1 8.6425 15.85 77.6338
96305 1 0.722559 17.0367 76.7789
96316 2 5.19093 17.8755 76.1404
96312 1 2.92722 17.4562 77.6966
96783 1 2.19219 23.5548 77.49
96792 1 5.21274 23.2838 77.6085
96788 1 3.27592 24.7602 77.4819
96828 1 18.0392 25.4164 77.399
97086 1 19.2001 26.5178 77.4362
92747 2 15.5169 37.9341 73.493
93113 2 8.33005 44.9851 73.3977
97614 1 16.9484 36.5844 76.5175
97617 1 18.9958 35.1025 75.9077
97825 2 8.15797 38.1675 76.9157
97837 1 12.3907 39.2329 75.6126
97843 1 14.7131 38.7137 76.619
97841 1 14.0689 37.4909 75.7985
97853 1 18.5751 38.3016 76.6487
97857 2 20.0151 39.5183 76.2089
98071 1 11.4428 41.7164 76.7334
97840 1 13.5738 39.8932 76.5751
98068 1 9.92216 43.7918 76.3571
98308 1 11.6202 45.1691 76.3689
98306 1 10.8978 44.3932 74.9947
98074 1 13.2182 43.1932 76.1287
98303 1 9.78432 45.4673 74.5781
98298 1 8.06412 45.5174 76.5243
98318 1 14.9036 46.1907 76.8086
97596 1 10.7947 35.8011 77.4634
97606 1 14.1681 35.6522 77.5589
97610 1 16.1424 34.0686 77.4665
97616 1 18.1801 35.8651 77.101
97625 1 21.0908 35.1002 77.5448
97832 1 10.6319 39.4884 77.4291
97836 1 11.9443 36.93 77.5336
97852 1 17.6658 39.231 77.5164
97856 1 18.9491 37.1126 77.5889
97860 1 21.1733 38.6313 77.754
98054 1 5.62374 41.3716 77.4838
97824 1 7.39982 39.6957 77.6798
98064 1 8.57919 40.8072 77.4444
98073 1 11.5989 40.6438 77.8314
97842 1 13.0888 40.4822 77.9158
97846 1 13.5932 41.9067 78.3532
98083 1 16.3153 41.2964 77.4703
98092 1 19.9386 41.247 77.3101
98282 1 2.05929 44.9146 77.4437
98050 1 3.89673 43.165 77.4279
98291 1 5.02911 44.2952 77.4688
98060 1 6.77416 42.4739 77.4661
98301 1 9.26435 44.8251 77.264
98311 1 12.1428 43.9103 77.0015
98070 1 10.9246 43.0308 77.2596
98079 1 14.2259 42.7777 77.2318
98322 1 17.4218 42.493 77.4835
98287 1 3.20894 46.0299 77.4552
98307 1 10.5089 45.8284 77.2753
98315 1 13.5241 47.4559 77.8588
98317 1 15.065 47.2764 77.9401
98548 1 12.8243 48.8781 77.8025
80354 2 19.974 64.6398 61.9788
89316 2 1.15877 59.243 69.9872
99028 1 9.73929 57.8268 76.6363
99032 1 11.8272 56.3299 76.0283
99302 1 7.94589 59.6661 76.6596
99031 1 10.5323 58.6763 75.7171
98784 1 10.4377 53.1179 77.4453
98779 1 9.24723 52.0147 77.4194
98774 1 7.40914 53.7109 77.4107
99023 1 8.55979 54.8538 77.453
99034 1 12.7117 55.4961 77.2404
99046 1 15.6516 54.7648 77.4938
99030 1 11.0394 57.117 77.2424
99036 1 11.8316 58.3209 77.7259
99039 2 13.4833 57.9932 77.1623
99041 1 13.9387 56.3591 77.6493
99300 1 7.35091 60.8211 77.5361
99025 1 9.01877 58.9664 77.4951
99310 1 10.1408 60.1621 77.5811
99306 1 8.43521 61.9408 77.5803
99565 1 16.1616 66.1803 77.531
99808 1 17.3188 67.2892 77.539
76521 2 15.5157 80.6099 59.4869
85294 2 1.21571 73.5051 66.4926
90103 2 11.1928 73.4832 69.1529
90096 2 8.40468 73.5151 70.1568
94887 2 8.3378 80.5844 73.7227
100506 1 9.6017 79.3497 76.8164
100744 1 7.77687 80.997 76.8367
100760 2 12.3911 82.0449 76.2449
99814 1 19.9491 69.7506 77.6788
100057 1 21.083 70.8695 77.6067
100507 1 10.7331 78.6353 77.642
100512 1 11.7729 79.7703 77.8746
100515 2 13.3789 79.2429 77.0789
100755 1 10.0098 81.6301 77.8398
100503 1 8.89624 80.4851 77.688
100757 1 11.1979 80.9115 77.0239
100767 1 14.8261 82.4499 77.715
98879 1 14.3815 82.2353 79.1193
100752 1 9.50271 82.762 76.9728
100761 1 13.1358 84.2047 78.0353
98874 1 13.3799 83.4811 79.4075
95345 1 14.1636 85.365 77.7662
100774 1 15.9363 83.5406 77.7069
91214 2 36.7414 9.4808 73.3936
95937 1 39.8354 9.51428 76.5779
95939 2 40.8296 10.8718 76.0068
96392 2 32.3495 16.4854 75.9783
95686 1 35.6095 7.20264 77.5868
95940 2 41.8377 8.01727 77.0413
95890 1 23.5205 9.37942 77.574
95885 1 21.8434 11.1948 77.6714
95895 1 24.6981 10.505 77.5591
95929 1 37.6185 9.14563 77.2747
95935 1 38.7172 10.2379 77.3021
95938 1 40.5577 8.94801 77.8378
96167 1 37.0512 12.2494 77.5125
96176 1 41.1407 13.1911 77.6164
96386 1 30.26 16.3177 77.6993
96393 1 33.3138 15.9236 77.5543
96153 1 32.2542 14.5983 77.6714
96404 1 37.0501 15.6894 77.4582
96163 1 35.8292 14.658 77.5554
78608 2 29.7183 30.7969 62.7116
87811 1 33.4401 33.8312 68.0635
87827 1 40.5378 33.722 68.0329
92424 1 42.2388 30.4676 71.543
88004 1 33.8975 33.7722 71.4074
87815 1 34.7115 33.3818 70.0997
92411 1 36.484 33.6584 71.1532
87823 1 38.3919 33.1913 69.5605
88012 1 37.9488 33.5139 71.0644
87833 1 42.0397 32.6361 69.6304
92421 1 40.751 32.8564 70.9096
92199 1 39.5945 28.1692 73.093
92211 1 42.1204 27.3369 72.7411
92203 1 41.0003 27.8548 73.6921
92410 1 35.1662 30.8195 73.6821
92416 1 38.252 28.8284 73.7542
97441 1 40.0323 29.6 72.3644
92418 1 40.1338 30.8118 73.3053
92204 1 41.5285 29.321 72.2495
92201 1 41.7366 29.1892 73.7472
92589 1 29.7711 33.6665 73.8437
97412 1 31.5622 32.3038 73.6144
92412 1 33.5681 31.2174 74.339
97660 1 35.1218 33.1668 73.3002
92407 1 35.9693 32.0483 73.8731
92413 1 38.2204 32.2571 71.9414
92608 1 39.2442 32.6921 73.0179
88017 1 38.8522 31.4949 74.0729
92422 1 40.6901 32.2313 72.4796
97673 1 41.9903 32.3716 73.3741
96384 2 29.7026 17.6504 76.4244
96623 1 30.213 21.5233 75.6291
96864 1 31.1456 22.3196 76.585
96861 1 29.4628 24.2541 76.5554
97139 1 32.8788 24.5805 76.4948
97168 1 42.1941 25.1852 76.8234
97127 1 31.3042 26.4516 76.4796
97138 1 33.4429 27.8658 76.387
97140 1 34.9227 27.5476 76.0138
97150 1 35.0944 26.0702 75.7873
97152 1 37.4208 28.0082 74.8717
97447 1 38.3877 27.8211 76.1753
97169 1 42.5511 27.2106 75.4866
97158 1 40.8862 27.3535 75.0822
97415 1 31.7612 29.8643 76.2224
97135 1 32.8496 29.1872 75.412
92404 1 33.9106 30.1809 75.5119
97425 1 35.3576 29.9541 75.0435
92189 1 35.8063 28.443 75.0296
97151 1 36.1904 30.7813 75.9908
97164 1 39.8603 30.6548 76.7558
97446 1 39.9386 28.3038 75.9717
92417 1 38.5612 30.0653 74.7216
97669 1 37.7479 30.3073 76.0437
97166 1 39.9109 29.7939 75.4366
92207 1 40.9631 30.3292 74.4471
97643 1 28.8929 33.396 76.6671
97408 1 29.3923 31.3112 75.023
97428 1 32.0722 33.2412 74.6769
97659 1 30.6366 33.5881 75.1013
97653 1 29.968 32.5538 75.9613
92401 1 32.1471 31.4332 76.551
97663 1 33.0136 32.2504 75.4345
97418 1 34.3892 32.9606 75.8577
92609 1 36.7792 33.5904 75.6402
97664 1 35.8677 32.2407 75.4092
92606 1 38.3451 33.7938 75.3737
92610 1 39.1561 32.3696 75.3146
92197 1 38.6426 31.4776 76.4542
92425 1 40.6837 32.5311 75.6752
92209 1 41.6832 31.6658 74.7955
96612 1 26.2628 19.462 77.45
96381 1 28.0547 17.753 77.4999
96624 1 31.516 18.0387 77.2201
96622 1 32.1591 19.5748 76.9878
96389 1 32.8115 17.5324 78.1769
96632 1 33.4408 18.9749 77.6671
96399 1 35.8233 17.9913 77.4945
96642 1 36.904 19.2972 77.5232
96618 1 28.9463 21.8984 77.5046
96628 1 31.7425 21.0791 77.6342
96871 1 33.0288 21.5603 78.277
96631 1 34.0599 21.8193 77.0753
96638 1 35.2885 21.1797 77.7648
96648 1 39.4739 21.8954 77.6231
97400 1 29.3084 25.3858 78.5651
96868 1 31.2288 23.5474 78.5752
97147 1 31.0914 25.0917 78.5288
96862 1 30.1468 23.0486 77.4466
96877 1 32.8414 23.0552 78.6856
96880 1 35.2807 25.2918 77.0977
97163 1 39.2184 25.3078 77.3494
96891 1 40.6792 23.2186 77.5518
97156 1 41.5896 24.6174 78.1704
97406 1 29.0288 26.9292 78.4651
97130 1 27.6079 27.7148 78.5351
97125 1 30.7451 27.882 77.0071
97137 1 32.1935 25.6366 77.4647
97142 1 33.3364 26.8541 77.6938
97420 1 34.9588 26.4905 78.0192
97427 1 35.6978 27.637 77.2874
97165 1 42.5659 26.6823 76.9949
97160 1 40.4911 25.7538 78.2865
92409 1 41.3075 27.1666 77.8911
97391 1 22.7795 30.1695 77.3841
97093 1 21.6908 29.0358 77.4503
97119 1 28.555 28.8794 77.6014
97132 1 31.6038 29.2766 77.7918
97411 1 29.8799 29.731 78.1353
97417 1 33.9768 30.334 77.0203
97416 1 32.3662 30.465 78.8499
97144 1 33.3238 28.9641 77.5763
97430 1 34.2691 28.7824 78.7461
97435 1 37.0225 30.4914 79.1286
97161 1 37.0155 29.094 78.4433
92596 1 35.5066 30.5506 77.2962
97157 1 35.584 29.0501 77.9767
92604 1 38.5954 30.8084 78.8371
97148 1 38.0095 29.1606 77.1331
92420 1 39.3218 29.6455 77.8124
96897 1 40.4922 28.4197 77.4063
97404 1 23.5501 33.8309 77.6897
97638 1 25.8333 32.153 78.2762
97892 1 24.5135 32.8791 78.7904
97407 1 28.3373 32.1377 77.5851
97644 1 27.4653 32.7253 78.6987
97405 1 27.5169 31.0626 76.963
97648 1 29.8824 31.8661 79.2783
97421 1 30.8242 32.002 77.0977
97410 1 29.615 31.2689 77.9483
97422 1 30.8445 32.9086 78.5431
97431 1 33.8275 32.6155 78.4364
97440 1 33.0787 31.3454 77.7614
97921 1 34.3086 33.7073 77.2844
97896 1 35.0459 32.1306 79.2379
97432 1 36.1315 31.5755 78.3037
92415 1 37.149 32.7837 78.1295
97445 1 38.413 31.9989 77.8244
97442 1 39.8841 32.5416 78.1741
92615 1 40.8192 31.8508 77.0498
97426 1 33.7184 29.9054 79.5912
97933 1 36.1654 30.4144 80.4133
97437 1 34.7679 30.9539 80.1243
97654 1 28.5543 32.4829 79.914
97434 1 31.5898 33.0051 79.8948
97414 1 33.1179 33.218 79.737
97689 1 33.6472 32.7821 81.1801
97903 1 34.0044 31.3337 81.4671
92808 1 35.609 33.4438 80.0904
92799 1 37.2206 33.4753 79.5425
97908 1 34.9841 33.5404 81.541
97682 1 38.655 33.2952 80.1617
97670 1 39.4934 31.9712 79.6468
74796 2 36.8175 45.0434 59.0705
83797 1 40.1328 44.0625 63.3916
79209 2 41.7588 43.5771 62.6906
79395 1 39.9729 45.6321 63.1776
79398 2 41.101 46.5634 61.8262
83604 1 40.4586 39.5209 65.5175
83611 1 42.6081 39.3872 66.7074
83790 1 36.7812 41.8444 66.6796
83800 1 39.7547 41.5704 64.6266
83799 1 39.358 40.4983 65.6782
83802 1 42.3875 41.0197 64.3251
83609 1 41.7951 40.4605 65.8288
83804 1 41.5558 41.8516 66.5239
83986 1 39.9148 44.0862 64.8685
88397 1 38.9241 43.2794 66.5303
83796 1 40.3131 42.6951 65.5871
83992 1 42.3339 45.0379 65.8529
83985 1 38.419 47.1624 65.7867
84180 1 39.665 46.1216 66.4777
79394 1 40.8731 46.1906 64.3576
79587 1 42.4015 45.794 64.3565
79397 1 40.6266 45.2703 65.5038
79588 1 40.6598 47.7281 64.5552
84187 1 41.542 47.8355 66.0147
84179 1 39.261 49.4472 66.0722
84185 1 40.6613 50.1183 66.1917
84188 1 41.79 49.1958 66.7703
83403 1 34.1926 36.2606 68.5825
88006 1 34.5902 34.8264 68.1339
88005 1 36.8585 35.5545 67.9443
88008 1 35.9945 34.4103 68.4775
88016 1 39.1586 34.3142 68.733
88014 1 38.2228 34.9186 67.5505
88211 1 41.1545 36.3516 68.1566
88010 1 36.9962 36.7306 68.8954
88200 1 35.4846 37.4147 68.513
88206 1 38.1437 38.3609 67.1883
88019 1 39.9334 36.8677 67.277
88214 1 42.2425 37.4023 68.0019
88212 1 41.4509 38.4225 67.1226
88209 1 40.4821 38.9453 68.2801
88216 1 42.7561 38.5354 69.0159
88203 1 36.4553 40.4085 67.2561
83603 1 37.8191 39.8553 67.7263
83601 1 38.9138 40.7937 67.1225
88394 1 38.1986 42.1439 67.1741
83798 1 40.0477 40.498 68.049
88590 1 38.2791 39.724 69.2146
88412 1 42.406 41.2134 68.72
88402 1 41.0903 41.5715 67.9699
83795 1 35.8947 44.2431 67.8282
83982 1 37.1698 45.0198 67.3629
88391 1 36.0429 44.1123 69.2863
83793 1 38.3748 44.313 67.7077
83988 1 38.4709 42.915 68.5429
83803 1 40.2558 42.9093 68.754
83990 1 40.5678 44.3023 68.0378
88578 1 34.7675 45.2795 67.4469
83987 1 36.843 46.7916 67.7033
88583 1 39.4319 45.3099 67.7455
88787 1 39.8602 47.814 68.1704
88780 1 39.1469 46.4903 68.776
84174 1 37.5706 47.9556 66.8974
88778 1 37.6551 46.7798 69.0863
83991 1 40.7004 47.0666 67.1074
83995 1 41.7173 46.358 68.0379
88598 1 41.0915 45.2376 69.0211
83993 1 41.9693 47.5284 69.0621
84171 1 36.3196 49.1098 66.986
84182 1 38.7908 48.8121 67.4248
88783 1 38.3224 50.1166 68.1872
88596 1 41.6922 48.9985 68.3873
88789 1 42.7447 49.9965 68.9979
92587 1 28.7632 36.7073 70.6607
92586 1 29.0995 35.6922 71.8647
92778 1 30.932 35.6336 70.4563
88192 1 33.4215 36.3141 70.0053
88002 1 32.3268 35.141 70.0521
88196 1 34.2046 36.3758 71.3629
88009 1 35.9556 34.5643 69.9965
88013 1 36.7263 35.9866 70.3481
88015 1 38.2733 35.9654 70.9152
88021 1 39.5459 35.3078 69.8455
92605 1 38.8108 34.6104 71.6846
88018 1 40.2729 34.4384 70.994
88023 1 40.2768 36.5636 69.3462
88219 1 42.705 36.6336 70.3477
92595 1 31.9509 38.8575 70.2941
88194 1 33.9175 38.9686 69.4679
88193 1 32.8165 37.8027 69.5992
88189 1 32.1163 38.4751 71.7673
88001 1 35.6525 36.9829 70.9496
92803 1 39.7374 38.0829 70.8149
92999 1 38.696 37.3391 71.6588
88213 1 41.3025 38.8234 69.5375
92809 1 41.0887 37.3678 70.3581
92801 1 40.2222 39.4324 71.3967
92777 1 29.9873 40.9517 71.6351
88381 1 32.9504 39.9997 70.0232
88576 1 33.1156 42.1501 71.0438
92974 1 33.4154 40.5291 71.4043
88204 1 34.7829 39.7298 71.5845
88205 1 36.208 41.3457 69.5212
88207 1 36.9703 40.0999 70.0278
88393 1 37.2937 40.5897 71.3705
88401 1 39.5321 40.6598 69.4564
88585 1 37.7022 42.1849 71.5637
88221 1 40.8337 40.1642 70.2536
88600 1 41.9822 41.3097 70.1958
92972 1 32.034 43.0462 71.8731
88392 1 34.506 42.7675 71.193
92980 1 34.665 44.1928 70.3406
88395 1 37.0271 42.8458 69.3957
88396 1 38.0131 43.2008 70.5424
88584 1 37.7734 44.6992 70.9909
88604 1 42.3456 44.8003 71.0538
88588 1 41.2596 42.84 70.2112
88597 1 42.0003 44.265 69.6753
88784 1 41.588 43.6399 71.7299
88586 1 36.9799 45.4278 69.7771
88581 1 35.2393 45.2257 71.397
93176 1 36.6324 47.0441 71.6268
88591 1 40.0668 46.0394 69.9573
88587 1 39.3321 45.3354 71.4057
88593 1 40.9943 47.2121 70.2574
88786 1 41.8773 46.3184 71.319
88776 1 37.6409 48.1825 71.2885
88777 1 37.6849 48.3619 69.7846
88779 1 38.3507 49.9001 69.6777
88781 1 39.7394 50.1335 70.4736
88782 1 40.2064 48.5862 71.0363
93378 1 42.6426 48.5257 71.5658
92585 1 28.3269 36.5025 72.9074
87993 1 30.6914 35.7494 72.1898
92592 1 31.6547 34.5271 72.5057
92583 1 30.3357 36.5421 73.6562
92598 1 34.4077 35.0219 72.2021
92597 1 33.8809 35.1618 73.7598
92594 1 32.4606 34.6127 73.9339
92600 1 35.9043 34.3502 72.5132
92603 1 36.6686 35.2883 73.7078
92419 1 39.1829 34.3052 73.159
92794 1 38.2619 34.9373 74.28
92762 2 22.7458 37.7784 73.3262
92785 1 29.3695 37.676 73.2297
92970 1 28.663 38.8447 74.0351
92776 1 30.4628 38.4449 72.2114
88199 1 33.3547 37.5991 72.2751
92780 1 32.8503 37.6897 73.7717
88384 1 34.6609 38.5317 72.6194
92979 1 32.8089 39.3611 74.0457
92599 1 33.9327 36.7169 74.392
92788 1 36.3463 36.9303 73.5795
88007 1 35.9172 37.6449 72.2893
88201 1 35.1474 38.9674 73.976
92795 1 38.7735 37.8033 73.1915
97916 1 39.6373 36.9661 74.1091
92607 1 37.493 37.8491 74.0817
92621 1 38.8851 39.4799 73.2755
92797 1 37.6132 39.426 74.2128
92798 1 41.5707 39.1359 72.389
88404 1 41.2486 39.2959 73.9406
92967 1 28.7018 41.9282 73.4215
92976 1 30.8369 40.0272 72.4548
92975 1 30.7704 40.7336 73.7625
93165 1 30.1254 42.1599 73.4348
92779 1 32.4156 39.8802 72.4734
88390 1 35.996 40.5117 72.1263
88580 1 35.4189 42.0897 72.4136
92796 1 36.2749 39.9435 73.653
88400 1 35.9028 41.4448 74.0016
88403 1 37.4643 41.9157 74.1341
88592 1 38.8777 40.1489 71.9258
93179 1 39.0456 41.7023 72.086
88405 1 38.9697 41.9146 73.5604
92998 1 39.9505 40.5099 74.0778
93153 1 27.4902 44.1755 74.1382
92971 1 30.5397 42.3982 71.9512
98372 1 33.9708 44.4038 74.1853
88389 1 36.5451 44.5801 72.0551
92988 1 36.6087 43.0536 72.4333
88387 1 36.9221 43.323 73.8817
98395 1 39.3538 43.4568 73.5887
88595 1 40.0755 44.0358 72.1818
93183 1 38.0116 44.3647 74.0128
92804 1 42.5247 42.4313 74.1198
93162 1 30.934 45.3539 72.9087
93353 1 30.5097 47.9542 73.8768
93170 1 33.9554 46.0865 73.7755
93167 1 32.5195 46.6297 74.161
93172 1 37.0021 45.3819 73.3281
88589 1 39.3578 46.4879 72.5494
93178 1 37.649 46.6613 72.8013
93180 1 37.5569 47.8998 73.8599
93177 1 39.3093 46.5618 74.3351
93184 1 41.13 46.5901 72.7378
98399 1 41.3486 47.8033 73.8856
93359 1 31.7092 48.7867 74.2486
93371 1 39.0888 48.0381 72.0065
93373 1 38.8382 48.8806 73.4663
98620 1 39.9381 50.0961 73.7838
93376 1 41.3584 50.7729 71.8989
88785 1 41.334 49.2265 71.9503
98636 1 41.274 49.2412 73.5159
93569 1 42.548 50.1193 73.9229
92783 1 28.105 35.5087 75.1142
97658 1 30.6186 34.9769 75.6776
97646 1 29.6332 35.9257 74.9699
92593 1 31.9703 35.6475 75.0458
98128 1 34.6554 34.0459 74.5207
92786 1 33.1207 36.5157 75.6954
97662 1 33.9635 35.8742 76.6386
92602 1 35.941 34.7098 74.9602
92601 1 35.477 35.7182 76.1448
97679 1 38.7946 34.4686 76.805
92800 1 39.3392 35.962 76.5115
92612 1 38.728 36.2884 75.1035
97861 1 21.4299 37.4336 75.6526
97866 1 23.7642 36.806 76.3068
97863 1 22.7889 38.0341 76.1351
97867 1 23.3592 38.7317 74.9074
97878 1 26.0154 36.822 75.5902
97868 1 24.7382 39.2563 75.1102
97871 1 25.5532 38.3262 76.0358
97881 1 27.4921 36.8443 75.7518
97884 1 26.8525 39.2262 76.0948
92775 1 28.2979 38.3221 75.5937
97894 1 29.4068 39.1042 76.6557
92782 1 31.5301 36.9869 74.4134
92591 1 29.5471 37.0911 76.0312
92787 1 30.9782 37.7882 75.6943
92781 1 30.6076 39.3252 75.6241
92992 1 32.8648 39.1636 76.502
92784 1 32.313 37.703 76.4712
92791 1 34.4472 39.3949 76.1856
92790 1 35.2954 37.4356 74.5536
92807 1 36.0896 37.1759 75.8174
97901 1 35.5561 38.3967 76.7012
98133 1 38.5261 38.45 76.3589
92792 1 37.6832 37.3841 75.4693
98159 1 40.7811 36.9598 76.6269
93185 1 40.1523 38.3452 76.1295
97914 1 40.5922 37.9321 74.7473
97930 1 41.6041 36.8885 75.2219
97928 1 42.4762 39.229 75.1352
92813 1 41.3624 39.4128 76.386
98102 1 21.8972 40.2136 76.1227
98097 1 21.8275 41.7492 75.8839
98107 1 24.8842 40.8112 75.6049
97886 1 26.4423 40.6481 75.4589
98106 1 28.567 40.9685 74.6105
98119 1 28.7153 41.6242 75.9543
98116 1 27.2435 41.6081 76.4112
92968 1 29.7332 39.8906 74.5366
92978 1 32.0634 39.9712 75.4439
92789 1 34.2074 39.8536 74.7184
98146 1 34.0609 41.3289 75.5135
98126 1 32.5049 41.5512 75.8017
98129 1 35.0218 40.8513 76.8337
92984 1 36.3408 41.9328 76.4243
92983 1 35.3121 42.2406 75.2417
88218 1 37.565 41.4373 75.536
98388 1 39.5592 40.6646 75.5334
92990 1 38.0812 39.8825 75.6536
92993 1 39.0241 42.0904 75.7126
98153 1 40.6861 40.8166 76.6399
98351 1 24.4254 43.6377 76.4053
98357 1 27.0126 43.1304 76.6829
98113 1 27.9949 43.8931 75.6533
98125 1 29.4047 43.0678 75.8343
93173 1 30.4323 43.092 74.5855
98123 1 31.8918 42.8176 74.9077
93005 1 32.6704 44.5803 76.5427
92793 1 32.5554 44.2321 75.0531
93175 1 35.45 43.7199 74.7489
98381 1 37.0952 44.5748 76.4505
92989 1 35.8623 44.8755 75.6746
92997 1 39.9387 43.2812 74.9744
93377 1 39.5865 44.5539 75.8479
98373 1 38.1451 45.0007 75.4289
97920 1 41.1678 42.4891 76.7776
88210 1 41.4861 43.08 75.2748
98355 1 27.8779 45.3017 76.1676
98356 1 30.4282 45.9811 76.8903
92977 1 31.4744 45.3952 74.4813
93161 1 30.2588 46.124 75.4087
98369 1 32.6719 47.9006 75.0728
98603 1 32.6246 47.9585 76.742
93174 1 34.9658 47.007 74.5487
93169 1 36.3463 45.9819 74.7083
98383 1 39.8934 47.9739 74.4415
98366 1 37.7589 47.4778 76.4091
98613 1 37.8003 46.678 75.076
93187 1 40.3395 45.8265 75.3635
93575 1 42.5883 47.7194 74.9333
93001 1 40.4327 46.7544 76.5822
98600 1 30.9141 50.0096 74.9364
98599 1 31.1559 49.9384 76.4056
93166 1 30.2611 48.599 76.578
98610 1 33.7315 49.9565 75.7629
98848 1 32.6208 49.6392 76.8185
98612 1 35.0841 50.1906 76.6121
98853 1 36.544 50.723 76.0249
93369 1 38.1806 50.2306 76.0473
93182 1 39.9675 48.2515 75.9676
98614 1 38.6622 48.735 76.564
98619 1 42.6938 50.2725 75.4316
93003 1 42.5211 48.8178 76.019
98392 1 41.0617 49.1581 76.5116
98644 1 41.472 50.6915 76.3882
97394 1 23.8141 35.3026 78.2291
97633 1 24.704 36.1806 77.3971
92588 1 28.8334 34.6657 79.0996
97652 1 28.9801 36.1975 79.1051
97649 1 27.3866 34.2726 78.6237
97874 1 27.6367 36.3655 77.2006
97888 1 27.0012 34.9524 77.202
98136 1 29.1513 36.2337 77.4022
97893 1 30.1368 34.3163 78.3533
97891 1 29.7447 34.7471 76.9784
97656 1 31.1428 35.1501 79.1253
97900 1 33.1291 34.7151 77.1905
97676 1 32.5462 35.4232 78.4939
97666 1 37.0693 34.0189 77.1177
98162 1 37.1553 35.0371 79.3939
98138 1 35.9273 35.5028 78.6902
97678 1 35.742 34.77 77.3734
97680 1 39.8376 34.019 78.0006
97438 1 39.3985 34.567 79.3653
92986 1 38.3261 36.4827 77.6767
97911 1 38.4246 35.7711 79.0538
97870 1 23.8971 39.526 77.9845
97862 1 22.5428 39.1145 77.1857
97872 1 25.1952 38.6438 77.6306
97876 1 25.4566 37.2215 78.2552
97890 1 27.0235 37.5059 78.1253
97882 1 26.7747 39.2333 77.6639
98131 1 29.9817 38.4244 77.9466
97907 1 31.024 37.6175 78.9092
98382 1 32.9065 38.5851 78.8625
92987 1 34.4449 39.0494 78.9508
98141 1 33.9629 36.8633 77.8091
97898 1 32.3995 37.1404 78.0373
97924 1 37.1604 37.7802 79.2884
97694 1 35.8306 37.0704 78.9597
98391 1 35.0469 37.9031 78.0306
98405 1 38.1788 38.0272 77.952
98156 1 42.0547 37.3167 77.6093
97684 1 42.0693 38.8885 77.6644
97887 1 25.5791 42.2578 78.5493
97880 1 27.1183 41.8686 78.7181
97883 1 29.002 40.5855 77.0541
98111 1 27.4861 40.7538 77.6892
98135 1 30.8632 39.7248 78.3544
97897 1 30.1024 40.948 77.9942
97927 1 30.9762 42.2756 77.9662
98139 1 34.5071 40.6549 78.3323
98401 1 32.37 42.0453 77.3384
92982 1 32.9647 40.9359 78.3187
92805 1 32.3913 39.6225 77.8811
98099 1 22.7183 42.7204 77.793
98112 1 25.6134 43.3644 77.4102
98117 1 29.1281 44.1291 78.1154
98362 1 27.7099 43.2801 78.0754
92985 1 31.301 42.4324 79.4474
98132 1 30.2151 43.4217 77.2629
98122 1 31.2544 44.6884 77.1681
93181 1 37.3912 43.1479 77.2371
92991 1 38.7886 42.5668 77.1048
92981 1 39.9335 43.6975 77.1043
93191 1 37.9321 44.2848 78.4585
98149 1 39.5485 44.7191 78.318
98347 1 25.5535 46.5962 77.2318
98108 1 26.4882 48.0049 77.4113
98358 1 28.4235 46.76 78.2357
98115 1 28.9588 45.5785 77.4109
92973 1 31.1122 47.414 77.2768
98365 1 30.7297 47.853 78.7167
98376 1 37.1826 45.4617 77.7885
93194 1 39.5396 46.1895 77.7826
98615 1 38.0147 46.7469 77.7539
98578 1 23.6006 48.3878 77.4234
98584 1 24.8279 49.5246 77.3421
98594 1 26.2059 49.4939 78.3254
98588 1 27.311 50.6054 77.9643
98361 1 29.2257 48.0806 78.7212
98363 1 28.8981 48.884 77.347
93195 1 39.1434 48.9513 78.0396
98397 1 40.7104 49.0191 78.0002
98403 1 41.2054 50.1832 78.7799
97635 1 25.1557 36.708 79.7177
97873 1 26.599 36.265 80.1963
97636 1 24.137 35.4912 79.7225
98137 1 27.8283 34.3348 81.1645
97645 1 26.7346 34.726 79.9932
97902 1 29.0714 33.915 80.3984
97910 1 30.8415 34.2844 80.4155
97904 1 30.4563 36.4307 79.6369
97675 1 30.8988 36.6104 81.1213
97685 1 31.5658 35.2013 81.4609
97912 1 34.5147 35.0819 81.8542
97424 1 33.4305 34.7695 79.6418
97655 1 33.109 35.4373 80.9968
98148 1 35.0025 34.8469 79.6729
93007 1 37.0153 35.6599 80.8332
98393 1 35.4427 35.8202 80.833
98121 1 27.7235 37.1031 79.4895
98143 1 31.7486 38.5658 79.9137
98118 1 32.0211 37.6758 81.1419
97672 1 33.373 36.8934 80.5872
97932 1 35.194 38.8259 80.325
98396 1 36.7638 38.9701 80.1235
93193 1 34.9196 37.2117 80.362
98398 1 37.9999 36.8149 80.2324
97665 1 39.1685 37.3915 80.9971
98151 1 31.0847 39.9458 79.8705
98377 1 32.1668 41.1015 79.6815
79752 2 29.7059 52.0554 62.7134
88972 1 39.3635 51.3834 68.0312
88974 1 40.0616 52.3125 69.2029
88978 1 41.6055 52.1451 67.3078
88977 1 40.9881 53.171 68.2741
88980 1 42.6886 51.3936 68.0763
88979 1 42.2487 53.6996 69.0698
89193 2 41.4372 57.372 68.9033
89185 1 39.0648 53.2692 70.0486
93565 1 38.9874 51.0234 71.7164
88973 1 40.8957 52.9818 71.3002
88976 1 41.0299 51.4292 70.4595
93571 1 42.7076 50.8621 70.2908
88981 1 42.0848 53.869 70.5441
89189 1 41.1632 55.0306 70.4042
93787 1 41.9186 56.0717 71.1937
98840 1 31.6354 51.0821 74.2794
93567 1 40.1243 51.2048 72.6771
98870 1 41.6207 53.1367 73.6464
98626 1 42.6879 51.1507 72.758
98868 1 41.7766 54.6023 73.3456
93784 1 40.7856 55.3202 74.0964
98849 1 33.2647 52.736 75.6799
98602 1 32.4617 53.2458 76.938
98850 1 34.8321 52.5156 76.0932
98858 1 36.4776 52.2417 76.4129
93374 1 39.2881 50.9851 75.07
98632 1 41.1847 53.1469 75.2542
98379 1 40.5008 51.712 75.77
99125 1 39.8422 57.9253 76.7841
99135 1 42.6179 56.1572 76.1213
99127 1 40.3762 56.2969 76.3336
99133 1 41.3627 56.4117 74.9821
99395 1 40.8028 60.4609 76.8958
99399 1 41.4632 61.9393 76.7754
99630 1 40.3165 62.9264 76.5452
99869 2 40.0448 66.2897 76.916
98828 1 27.0976 52.1932 77.8588
98839 1 30.6914 51.2596 77.1194
98378 1 30.9254 52.921 78.9199
98604 1 31.8377 52.0678 77.7813
98606 1 34.072 53.1562 79.0405
98845 1 33.0234 50.8468 77.8043
98389 1 34.4114 51.4137 77.3026
98855 1 36.3659 52.8459 77.9095
98625 1 35.0807 52.1457 78.4645
98630 1 41.8571 51.1856 77.771
98618 1 31.738 54.2529 79.3744
98624 1 31.1461 55.4496 78.6219
98844 1 29.6699 53.7762 78.2539
98385 1 33.718 55.5661 79.2448
98608 1 34.3561 54.5012 78.4432
99106 1 33.5737 54.4868 77.1237
98854 1 35.8246 54.3705 77.7806
98872 1 42.6624 55.0385 78.2536
98595 1 32.4325 56.3926 78.6394
99113 1 35.9851 57.0627 77.4557
98865 1 41.8427 57.2187 78.2296
99131 1 41.6709 55.9749 77.3346
99137 1 40.9321 58.313 77.7777
98622 1 33.9282 59.1991 78.559
98386 1 33.0561 60.6869 78.3392
99123 1 38.7018 58.5683 77.6144
99144 1 41.8007 59.4417 77.3528
99132 1 42.4577 60.0472 78.6792
99396 1 41.8116 62.5269 78.2347
98634 1 41.8169 61.3829 79.2602
99634 1 41.295 64.9945 77.7618
99628 1 40.5578 63.6142 78.002
99818 1 21.6301 67.9342 77.6104
99860 2 36.5182 66.6935 77.0222
98628 1 31.964 54.8714 80.7772
98375 1 33.4623 54.9621 80.6567
98605 1 34.0989 53.4948 80.5326
98864 1 42.3148 54.7098 79.7636
98127 1 31.3409 56.2982 80.8022
98629 1 30.2634 56.0962 79.7259
98859 1 32.1558 57.4071 79.7929
98368 1 33.0579 58.7921 79.7944
98367 1 32.3504 60.2387 79.7834
99824 1 22.8458 69.0911 77.5752
100113 1 41.2417 73.2906 77.3947
100347 1 39.4676 75.0164 77.5124
100353 1 40.5646 76.2054 77.5117
100357 1 42.3612 74.4551 77.4876
95706 1 42.7951 6.81587 77.9442
98173 1 45.6045 6.60867 78.4737
95944 1 43.104 11.3081 77.6049
96186 1 44.2653 12.4065 77.5157
96473 1 62.543 16.5328 77.5486
78227 2 51.0403 23.6917 62.7655
78233 2 53.917 23.6489 61.9915
92427 1 43.4852 33.4488 71.6987
92216 1 43.5355 27.9369 73.0998
92213 1 44.4734 26.9811 73.9312
92001 1 45.8789 26.3294 73.5845
97174 1 43.1788 29.0464 74.0168
92426 1 43.0717 31.3703 72.6978
92616 1 47.8488 33.4372 73.0719
92434 1 49.0677 31.5928 74.2631
96910 1 46.7955 24.2459 76.5442
96938 1 56.7665 24.5333 76.9317
97178 1 45.0662 26.1581 76.5418
97171 1 43.4676 26.0813 74.6576
97179 1 45.1211 28.0066 74.8804
92433 1 46.6791 28.1222 76.8819
97182 1 46.023 27.1645 75.7834
97184 1 47.0333 26.4429 74.8516
97177 1 43.6697 28.4632 75.4516
92423 1 44.1076 30.8932 74.9468
97190 1 47.1023 30.0047 74.6911
97187 1 49.4081 30.6617 75.4988
97695 1 48.34 29.5231 75.5569
92444 1 49.4939 28.5506 75.0852
97209 1 51.8265 29.1277 75.9298
97475 1 53.0598 30.2391 75.6561
97452 1 42.9265 31.4506 75.6982
92618 1 45.2352 31.9331 74.7554
88020 1 43.4058 32.8018 76.1577
92815 1 44.8429 33.1715 75.6377
97450 1 46.4652 31.1374 75.5938
97708 1 46.1053 33.1575 76.5642
92625 1 47.2858 32.441 75.8132
92431 1 48.1746 32.9613 74.5575
97683 1 49.4266 31.5192 76.7588
97698 1 50.642 32.5163 76.7093
92636 1 52.9429 33.2232 76.6666
97207 1 51.7913 32.6873 75.6101
97474 1 54.1282 32.2371 76.8994
97723 1 56.3032 33.6032 76.4196
96672 1 47.5965 19.4793 77.4218
96439 1 50.0066 18.2579 77.461
96682 1 51.0573 19.5783 77.4208
96479 1 63.616 17.6913 77.5297
96662 1 44.6894 20.0584 77.4428
96668 1 45.7942 21.2491 77.4662
97436 1 42.874 24.6566 79.1292
97451 1 44.1121 23.6935 78.8758
96902 1 44.5271 23.7904 77.4195
96907 1 45.6736 24.8871 77.3391
97189 1 46.178 25.1081 78.7877
97191 1 47.7237 24.8318 78.6065
96917 1 47.5896 23.6125 77.8067
96911 1 48.8102 22.6231 77.9698
96928 2 53.9021 24.6338 76.9897
97228 1 58.1737 24.8903 77.1652
96945 1 60.5078 24.9467 77.4393
96940 1 59.268 23.9152 77.7305
97170 1 44.0544 27.0354 77.3869
97181 1 44.4896 26.919 78.8301
97186 1 46.054 26.5734 78.9413
97183 1 47.1721 27.0781 77.9257
97688 1 48.1316 25.8651 77.4429
97202 1 51.5399 26.5654 77.7881
97199 1 52.2817 27.8508 78.1457
97476 1 56.006 27.9619 78.4843
97471 1 53.7819 27.6195 77.9001
97215 1 54.2259 26.177 78.2947
97470 1 55.7721 26.4546 78.0952
96935 1 58.5899 26.5696 77.5141
97455 1 44.1685 28.5547 77.0518
97448 1 47.8518 29.267 76.9706
92628 1 46.6148 30.427 77.1352
97686 1 45.5952 29.1746 77.4884
97192 1 50.2772 29.4862 78.2902
97456 1 49.0672 28.6756 77.8568
97155 1 49.9468 31.0306 78.1417
97956 1 53.23 30.6748 79.3903
97196 1 51.719 29.2414 77.609
97194 1 52.4559 30.6285 77.9793
97467 1 54.6792 28.718 78.5147
97480 1 54.79 30.016 77.7145
97477 1 53.6298 30.7707 76.9784
97222 1 56.8785 28.6727 77.5017
97943 1 47.7602 31.994 79.3935
97458 1 45.9406 32.6607 77.9853
97696 1 47.1025 31.6831 78.0167
97704 1 46.1143 33.8172 78.9264
97947 1 49.3132 32.0139 79.2502
98186 1 50.0204 33.5251 78.9715
97938 1 50.0801 33.8783 77.373
97926 1 48.1559 32.3583 77.0208
92818 1 48.5254 33.8247 77.3598
97948 1 52.5901 33.7517 78.1671
97466 1 51.5302 32.8048 78.9456
97464 1 51.299 31.7109 77.9215
97715 1 54.6921 32.4551 78.3409
97718 1 56.1135 32.9813 78.5148
97952 1 53.865 33.5928 78.9786
97714 1 54.7731 31.058 78.9575
97486 1 58.1527 32.5835 78.7556
98185 1 59.3256 31.5619 78.3953
97176 1 44.6586 25.2416 80.7007
97173 1 45.348 24.3126 79.7787
96658 1 43.6229 25.9233 79.7736
97457 1 46.5249 27.0128 80.3465
97460 1 45.6178 26.234 81.3825
97946 1 56.1143 30.9883 79.8228
97700 1 47.4564 33.4149 79.6332
97941 1 56.8337 32.3377 79.6814
83812 1 47.4315 41.2857 63.5572
79211 1 42.9519 42.3921 63.5547
79403 1 42.9312 44.996 63.2136
83617 1 45.3409 40.6522 65.4381
83811 1 44.5693 41.4432 66.6157
83801 1 43.1629 42.3119 66.7206
83621 1 46.6547 40.1312 66.5315
83818 1 49.8522 41.0759 64.916
83820 1 50.5385 41.7951 66.3665
83826 1 53.584 41.373 66.1737
83805 1 43.9397 43.3116 64.3946
83994 1 43.2456 43.6566 65.7481
83807 1 45.3299 43.0326 64.9508
83809 1 45.2396 42.8042 66.4305
83823 1 51.5975 42.9547 66.3081
84186 1 42.9875 47.2704 66.0949
88041 1 46.3082 37.328 69.091
88228 1 49.1976 38.588 67.3599
88230 1 50.2906 37.8567 68.1219
88233 1 51.3518 38.9255 67.9407
83619 1 44.7982 39.7999 68.7142
88217 1 43.2026 39.7963 68.2452
83810 1 45.5392 40.8 67.7249
88410 1 45.8394 42.1731 68.6828
83625 1 48.3007 40.7433 66.8408
88420 1 48.7821 40.0013 68.0948
83819 1 49.138 42.2221 66.9043
83814 1 49.8756 40.8751 69.1234
83822 1 51.4043 40.5885 67.2521
88426 1 52.2743 41.6927 68.1824
88428 1 53.3837 40.7386 68.7647
88407 1 43.3509 42.4714 68.3272
88411 1 43.1857 44.0278 68.7337
88602 1 45.541 44.7904 68.0637
83998 1 45.9701 43.3632 67.6724
88415 1 47.4615 43.422 67.4943
88418 1 48.8742 43.1025 68.284
83996 1 42.9049 45.9858 67.0039
88599 1 43.9793 45.2622 68.0888
88605 1 44.3339 46.3545 69.1407
88607 1 46.452 46.1419 67.9809
88792 1 45.6591 47.2545 68.6786
88793 1 44.3189 49.8803 68.4785
88031 1 44.1182 34.3971 69.46
88028 1 44.2607 34.579 71.0509
88398 1 43.4911 35.9288 71.5448
88222 1 45.0087 36.6677 69.5171
88226 1 45.8497 36.2089 71.0153
92622 1 45.8584 34.5993 71.561
88033 1 47.1542 36.6896 70.3049
92439 1 49.4138 34.2887 71.4095
88024 1 43.765 37.6644 69.8713
88215 1 44.2887 38.3453 71.0769
92806 1 44.5968 37.0202 71.8335
88601 1 43.1741 39.4018 71.7945
83620 1 46.0219 38.8465 69.3847
88225 1 45.7972 38.9483 70.9087
92631 1 47.9944 37.5458 71.2256
92822 1 49.2417 38.7424 70.6298
88232 1 51.7296 39.0376 69.347
88235 1 51.6333 37.6733 70.1041
88231 1 52.3528 38.2711 71.4775
88239 1 53.1362 39.4961 69.6471
83806 1 43.1988 40.9143 71.0827
88220 1 44.4408 40.7786 70.0617
88409 1 44.4821 42.143 69.404
88224 1 45.5885 40.433 71.1271
88413 1 46.9379 41.1906 71.026
88416 1 48.2533 40.2219 70.9748
88229 1 50.6058 39.8112 70.1271
92817 1 49.2632 41.3849 70.5803
88425 1 51.5828 40.5365 71.1702
93209 1 51.9539 42.007 70.8417
88237 1 52.9416 39.7099 71.1341
88430 1 54.2342 41.7036 69.5334
93188 1 44.3969 43.1147 70.7045
88594 1 43.881 44.5663 71.0888
88227 1 46.8328 42.3762 69.9161
88606 1 45.9206 44.5632 69.5953
88406 1 47.5177 44.8437 69.8297
88399 1 45.863 43.3767 70.545
93011 1 46.4606 43.9602 71.7801
88414 1 48.129 43.3355 69.7178
88422 1 50.3291 43.9154 71.2404
88417 1 48.9369 43.0251 71.0028
88429 1 53.2092 42.6088 70.1863
93213 1 52.6573 44.2303 71.7296
88790 1 43.307 47.3711 69.735
88603 1 44.9247 45.4979 70.2457
88788 1 43.1883 47.1353 71.2817
93009 1 47.0052 45.4397 71.383
88796 1 46.2368 47.5628 70.0708
88797 1 45.7454 46.4063 71.0466
93583 1 45.3768 48.7313 70.5654
93382 1 43.5534 50.6029 71.6122
93384 1 45.8138 50.1994 70.5374
93392 1 47.3253 50.2733 70.801
88798 1 48.0918 49.3851 69.7822
93395 1 48.0423 48.0237 71.7339
88026 1 46.2439 34.1135 73.0725
93002 1 47.1095 35.2617 73.7913
88025 1 46.479 36.5927 74.2977
97462 1 49.0488 34.4304 72.8163
92441 1 50.4566 34.4638 73.4812
97454 1 48.4341 35.8661 73.1112
92639 1 52.2304 36.4752 72.9827
92811 1 44.695 37.8374 73.1873
93189 1 44.1115 39.2931 73.0204
92613 1 43.9942 36.9529 74.2918
88039 1 46.9646 38.419 71.9911
92819 1 46.2021 37.8957 73.4283
92816 1 49.0261 36.8042 72.097
92827 1 49.7666 38.3573 72.1743
92637 1 49.0522 39.3428 73.1853
92828 1 51.2751 38.6179 72.5852
92830 1 53.3437 37.3716 72.2646
97951 1 51.431 37.5923 73.7658
92834 1 55.1385 37.5719 74.2715
92647 1 56.4625 36.9528 73.6568
93196 1 43.7675 42.2433 71.9185
88223 1 45.2613 40.4235 72.6631
88408 1 44.9942 42.043 73.2345
92820 1 47.7109 39.665 72.4729
93385 1 46.5649 41.6825 73.7079
93004 1 47.4258 41.8814 72.4448
92629 1 46.5455 40.1745 73.4567
92825 1 48.9895 41.8417 73.1012
93014 1 49.9158 40.5485 73.2751
93020 1 51.2696 40.2522 72.62
93022 1 52.3714 41.2557 73.3519
93200 1 42.8018 43.166 72.7253
93186 1 44.0054 44.2871 72.6578
93190 1 45.4469 43.6888 73.0405
98640 1 46.1556 44.4593 74.2952
88424 1 47.8012 43.2896 72.132
93012 1 48.2374 44.2416 73.2987
88419 1 49.7248 44.257 73.588
93205 1 50.1575 42.8132 73.7803
88421 1 50.2318 45.1024 72.3228
88617 1 51.5701 43.1198 71.8831
93019 1 51.6552 42.7447 73.3867
93214 1 52.6855 45.0842 72.9924
93017 1 52.324 44.0927 74.1827
93375 1 44.6272 46.9552 72.0228
93389 1 46.5831 45.8545 73.6773
88608 1 47.7957 45.6562 72.7816
93204 1 49.2257 46.3339 72.9275
93401 1 51.3526 47.7983 73.5805
93212 1 53.4516 46.8491 73.8929
98642 1 43.8985 48.0749 74.2431
93387 1 45.1103 48.4687 71.9926
93379 1 43.7792 49.2357 72.1451
93380 1 45.2548 50.5016 73.1818
93381 1 43.8673 49.5318 73.6143
93388 1 47.878 50.3602 73.4498
93394 1 47.4401 49.4701 72.1952
93581 1 46.1024 49.141 72.9866
93396 1 50.2254 49.6786 73.9579
93593 1 51.7542 50.0936 74.1603
92623 1 45.1285 34.9386 75.6183
92996 1 45.1825 36.4647 75.1346
92626 1 46.3039 34.6481 76.7157
93006 1 47.6985 36.327 76.528
93000 1 47.7481 34.7939 76.3536
92823 1 49.0316 36.4212 74.4223
92614 1 48.2424 34.5374 74.9261
97699 1 49.8297 35.1784 74.8146
97703 1 51.2136 35.5562 75.7487
97710 1 52.3425 34.8431 74.9196
97963 1 55.2448 35.9739 76.9251
97976 1 61.6341 36.4019 75.8317
97739 1 63.0254 36.1467 75.6426
92611 1 43.5423 37.5396 76.7604
97913 1 42.9696 37.6744 75.3173
92812 1 45.1976 37.3847 76.3223
98163 1 45.3443 38.8616 75.7327
98643 1 47.6499 39.1927 76.6207
92821 1 46.4166 38.9722 74.4985
92814 1 47.7234 36.9864 75.182
92619 1 47.7454 38.512 75.1802
92826 1 49.0855 38.8186 74.5937
97709 1 50.0247 37.5892 74.6133
93008 1 50.4333 37.5808 76.1192
97706 1 50.8852 38.9938 76.3338
88234 1 51.8072 37.0656 76.0383
97719 1 52.5426 37.8021 74.8608
92831 1 52.1973 39.2313 75.5075
97716 1 53.8794 36.7165 74.8492
97961 1 57.6564 37.9819 75.925
97971 1 59.9896 38.1368 76.1949
97973 1 61.6071 37.6597 76.7094
97977 1 62.9336 38.435 76.0083
92627 1 43.9576 39.7132 75.8252
97705 1 44.4247 41.2247 75.8893
92995 1 43.9798 42.0098 74.5141
93192 1 47.8394 42.2095 74.4606
98409 1 46.2508 39.7089 76.7319
92810 1 46.0204 41.0986 76.1978
97937 1 48.7152 40.4138 76.436
92824 1 50.5314 40.8197 74.7357
92633 1 49.7942 39.7607 75.5514
98176 1 48.6634 41.8417 75.6873
97944 1 50.08 42.2579 75.1974
93018 1 53.0998 41.9725 76.8523
92829 1 52.1325 40.6824 74.8263
98189 1 53.3129 41.3326 75.5146
97957 1 55.704 39.7588 76.0448
98198 1 57.8147 41.4892 76.6611
98208 1 60.8956 42.3334 76.9251
98207 1 60.4848 40.7987 76.9148
97980 1 63.1557 39.7984 76.6739
93016 1 47.0923 43.3906 76.3918
93393 1 47.5176 43.841 74.7524
93199 1 48.4578 42.8123 76.8422
98418 1 49.5149 43.8464 76.8348
98421 1 49.9679 45.0726 74.8308
93013 1 48.739 44.7035 75.7587
98415 1 51.3961 44.6479 75.3324
93015 1 50.8184 43.2666 76.1527
93023 1 55.7581 42.5242 76.456
93021 1 53.7445 44.3687 75.0164
97940 1 54.1063 44.2896 76.603
98413 1 56.7418 43.795 76.1632
98444 1 59.5938 43.3278 76.6928
93201 1 46.9672 46.9633 74.668
93207 1 50.6666 47.6241 74.9225
93206 1 48.3515 46.959 75.3271
98646 1 48.2371 45.9657 76.4279
93203 1 49.5655 46.5061 74.4529
98648 1 51.8123 47.5893 75.9293
98429 1 53.4211 45.9667 75.2062
98427 1 52.2223 45.8879 76.1326
98432 1 54.7079 46.5317 75.8547
98675 1 58.2144 47.218 76.1462
98416 1 56.4647 45.223 76.3319
98443 1 59.7145 47.3058 76.6196
93197 1 45.212 49.603 76.152
93386 1 44.9683 48.2379 75.3544
93383 1 44.1886 50.744 75.7613
93391 1 46.6165 49.688 75.4473
98645 1 47.7019 49.3877 76.4865
98169 1 46.2765 48.4194 74.5013
98419 1 49.9546 49.0014 75.3043
93398 1 50.0257 50.2827 76.27
93390 1 48.5899 48.3896 75.7311
98650 1 48.5574 50.6627 76.6388
98659 1 52.4884 49.1752 75.4261
98653 1 52.6949 50.0588 76.6741
98435 1 56.1152 49.9676 76.3508
98663 1 54.8856 49.0761 76.1212
98660 1 53.9279 49.3714 75.0258
98668 1 58.1671 48.7205 76.833
98669 1 57.1278 50.2048 75.2281
97690 1 46.2749 35.3989 78.1329
97693 1 47.8174 35.7093 78.7436
97465 1 50.7792 35.2798 77.2171
92617 1 48.4518 34.2696 78.8744
98407 1 48.4985 36.7073 77.7253
97692 1 50.0073 36.6581 77.354
97702 1 51.9714 35.1756 78.2268
97712 1 52.839 36.4639 78.2646
98171 1 54.3805 36.1636 78.2325
98172 1 54.661 34.9513 79.079
97724 1 56.1222 34.489 78.7285
97722 1 56.3042 34.9351 77.2905
97728 1 57.7948 35.5092 76.9875
97936 1 58.6487 34.1196 78.9759
97734 1 60.1261 35.8276 77.5979
97972 1 61.5654 36.665 78.031
97744 1 63.8976 36.073 77.0537
97738 1 62.1761 34.3333 77.3765
97742 1 62.8304 35.6283 78.0401
97931 1 43.5982 39.0949 77.2168
92994 1 46.303 36.9369 77.3139
93010 1 47.5232 38.0608 77.7794
98165 1 51.4382 39.2501 77.7617
97725 1 52.3284 37.7132 77.4233
97962 1 57.8282 37.1003 77.2374
97732 1 59.344 37.1366 77.2369
98175 1 48.0346 41.9249 78.0278
98417 1 46.5136 42.1687 77.3065
97953 1 49.2468 40.8201 77.8007
97934 1 50.8439 40.9789 77.8184
98179 1 56.7789 42.1219 77.6341
97970 1 58.8654 40.3145 77.1692
98217 1 63.6162 42.3462 77.5065
98449 1 62.1363 41.8124 77.9675
98211 1 61.8599 40.2656 77.6301
98658 1 50.0123 44.2892 78.2645
98167 1 51.5736 42.4747 77.2706
98192 1 52.7524 44.3974 78.6325
98412 1 51.4141 43.4996 78.4356
98649 1 55.2162 43.6207 79.3969
98423 1 56.1188 44.4662 78.4917
98178 1 55.3382 45.093 77.3214
98411 1 53.9047 43.2603 78.6794
98426 1 54.2661 42.875 77.1702
98182 1 58.6411 43.8201 79.4647
98183 1 57.1901 43.6107 77.6422
98205 1 58.6826 43.874 77.9112
98422 1 53.091 45.276 77.3515
98673 1 56.1031 47.7995 77.4754
98408 1 54.6454 47.748 78.0584
98428 1 54.397 46.2955 77.3865
98197 1 58.471 47.537 78.8312
98188 1 56.8377 45.663 79.2013
98201 1 57.6661 46.0979 77.0247
98191 1 57.1422 46.8178 78.2149
98181 1 59.1845 46.109 79.0386
98431 1 58.9128 45.3949 77.6839
98453 1 62.8797 46.7024 77.0169
98445 1 61.9361 46.2202 78.1184
98652 1 51.1997 50.2397 77.3667
98425 1 54.8451 50.3874 78.1685
98655 1 54.0809 49.2024 77.4232
98665 1 56.8058 49.1474 77.4568
98436 1 56.3942 49.954 78.7457
98678 1 59.3606 48.326 77.7861
98919 1 61.2963 50.6835 78.369
98187 1 58.2243 45.2859 79.8531
93573 1 44.0274 51.8193 69.9875
88985 1 45.1121 51.0133 71.675
88795 1 45.1522 50.8636 69.3441
88992 1 48.0238 51.5948 70.3374
88803 1 49.3563 51.2472 69.6024
93572 1 43.0053 52.5868 73.2161
93578 1 44.0994 53.3044 72.0343
93582 1 46.3979 53.066 73.4129
98638 1 45.8711 51.6415 74.0619
93585 1 49.2587 50.8748 73.5879
93789 1 43.1944 55.6493 72.037
93580 1 45.2504 53.9674 72.8243
93792 1 43.0583 55.2706 73.4743
93794 1 44.269 54.3517 73.9479
98876 1 43.7117 52.9817 74.5067
93574 1 44.84 52.0428 75.1397
93577 1 47.0773 50.9276 74.6494
98884 1 47.9285 51.8359 75.503
98893 1 50.312 51.5712 75.5906
98890 1 49.2222 51.958 74.6746
98885 1 50.5642 52.6639 76.7299
98666 1 54.0567 50.8519 74.8359
99136 1 42.7896 53.4418 75.6276
99139 1 45.0791 54.9363 75.0989
99142 1 43.6098 54.8137 76.0306
98889 1 47.4518 53.3825 75.7685
98886 1 46.653 54.1662 74.6259
99151 1 48.4145 54.4225 76.452
99138 1 43.5755 57.5846 76.2613
99163 1 50.1918 56.1037 76.5035
99402 1 42.8634 59.1364 76.235
99400 1 43.8245 60.1968 76.7962
98899 1 52.8053 52.0392 77.733
98895 1 51.2688 51.7588 77.8427
98903 1 55.5389 51.2749 77.113
98664 1 53.8928 51.453 78.8281
98908 1 54.9956 52.5736 78.8818
98672 1 56.2871 52.1627 78.0873
98195 1 58.4672 51.4227 77.4446
98437 1 57.324 51.1457 78.6702
98909 1 56.9925 53.2711 77.2899
98674 1 63.1484 52.5826 78.3179
98869 1 43.9261 54.3887 77.4621
98880 1 45.1129 55.4795 78.0412
98894 1 50.4528 55.1861 77.6884
98892 1 49.6111 53.8397 77.4282
98914 1 53.0111 53.5368 77.8988
99166 1 51.9848 55.3849 77.6977
98915 1 54.4681 53.4897 77.7167
99178 1 55.0687 54.9309 77.3278
99190 1 55.9274 55.8332 78.28
98882 1 43.7669 56.1997 78.4781
99130 1 43.3534 57.5828 77.8717
99409 1 46.8841 57.2366 78.3572
99147 1 46.0179 56.4825 77.2894
99154 1 48.1286 56.3908 77.9368
99161 1 49.2958 57.1397 77.3223
99173 1 52.699 56.6996 77.0341
99185 1 56.7818 56.8068 77.3573
99406 1 43.9724 60.0463 78.3824
98873 1 44.3376 58.6164 78.6074
99410 1 47.0254 58.904 78.1517
99430 1 53.1463 59.1769 78.2345
99446 1 54.531 58.5863 78.5695
99638 1 43.1845 63.1777 78.1111
99156 1 49.3369 61.9105 78.8154
99416 1 48.591 62.4094 77.4548
99422 1 50.904 62.2111 78.7909
98633 1 45.4014 55.7202 79.7051
98862 1 43.425 55.2725 80.7363
98639 1 44.939 54.6066 80.6672
98878 1 44.3808 58.0758 80.0676
98635 1 44.0468 56.4773 79.9429
98875 1 45.8364 58.0078 80.4661
99149 1 46.4671 56.8446 79.8373
99923 1 58.8448 69.7318 77.5583
100143 1 51.2105 72.6491 77.6234
100363 1 44.7322 76.9112 77.556
100387 1 53.6097 75.0985 77.613
100393 1 54.7806 76.3132 77.5415
100606 1 45.8791 78.0752 77.5522
77877 2 65.4412 16.366 63.0302
95561 1 78.5979 0.250577 77.7414
95569 1 79.7552 1.37875 77.7287
95527 1 67.8819 3.84136 77.6852
96058 1 83.9642 9.24574 77.6495
96493 1 69.641 16.3943 77.5635
96292 1 82.1775 14.5395 77.5604
96533 1 83.2129 15.69 77.6766
96489 1 67.9603 18.214 77.5842
74891 2 79.6569 45.0318 59.2454
88280 2 72.4132 38.0033 69.9914
98011 2 75.5242 38.4555 76.8395
97754 1 67.9046 35.9707 77.468
97758 1 69.6893 34.2655 77.4661
97764 1 70.8381 35.3931 77.4452
97784 1 78.5965 35.9689 77.4647
97982 1 64.2519 39.3169 77.6989
97983 1 64.6921 37.6421 77.3713
97987 1 66.2363 37.5478 77.6923
97992 1 67.1727 38.7826 77.5119
97996 1 69.0738 37.1241 77.4505
98002 1 71.1633 39.3132 77.8185
98010 1 73.8172 39.223 77.1891
98003 2 72.3423 38.0288 77.0871
98014 1 76.6767 37.3224 77.7736
98025 1 79.8156 37.2427 77.5037
98221 1 65.3044 40.5116 77.5039
98231 1 69.7411 41.3299 77.5133
98241 1 73.176 41.4073 77.3725
98030 1 82.2059 39.5389 77.5219
98469 1 69.1082 44.2151 77.5171
98227 1 67.9771 43.083 77.5492
98237 1 70.87 42.4984 77.5032
98247 1 74.4666 42.5243 77.4527
98489 1 76.8227 44.7961 77.4333
98744 1 82.2672 50.1567 77.4593
80643 2 65.3075 66.3319 62.8828
80650 2 68.1627 66.3499 62.0718
98954 1 70.8456 53.0234 77.469
98988 1 83.4491 51.2861 77.5064
99214 1 65.4069 54.7818 77.5134
98944 1 67.8044 53.6554 77.522
99226 1 68.9488 54.7416 77.5094
99209 1 64.2502 57.1647 77.5071
99233 1 71.4555 57.2296 77.5834
99240 1 72.6352 58.3085 77.6227
99257 1 78.6295 57.2298 77.5628
99744 1 80.3097 66.0945 77.5854
99987 1 81.5025 67.2088 77.5513
81055 2 79.6876 73.4345 62.9874
100453 1 76.1025 76.1397 77.6734
100447 1 74.9339 75.0308 77.6469
100457 1 78.4733 75.0721 77.6848
100463 1 79.6228 76.1739 77.6667
101008 1 80.4036 84.0967 77.6627
95573 1 81.5604 85.2271 77.6667
101021 1 83.9328 84.0769 77.6563
