DBSCAN 聚类结果 (eps=1.7, min_samples=2)
检测到的聚类数: 159

=== 噪声点（未归类） ===
-1 96355 1 20.092 16.280 77.757
-1 91167 2 15.652 9.337 73.731
-1 91517 2 1.062 16.414 73.945
-1 95875 1 18.275 8.328 75.416
-1 95881 2 20.616 7.808 77.043
-1 95880 2 19.713 10.632 76.153
-1 95316 1 4.860 1.201 77.596
-1 96316 2 5.294 17.712 76.282
-1 97610 1 16.242 34.505 78.211
-1 97566 1 0.304 36.451 77.817
-1 98312 2 12.116 46.600 76.027
-1 98064 1 8.911 41.886 77.508
-1 98077 2 12.956 43.876 77.081
-1 97814 1 2.877 38.959 77.633
-1 97809 1 1.600 37.680 77.572
-1 97625 1 21.457 35.480 77.935
-1 98070 1 10.215 43.060 77.207
-1 97619 1 20.184 34.252 78.271
-1 93113 2 8.095 45.148 73.402
-1 97606 1 14.437 36.358 78.011
-1 97623 2 19.885 36.214 76.717
-1 97825 2 7.914 38.419 77.048
-1 97857 2 19.372 39.344 76.325
-1 99320 1 14.867 61.373 76.863
-1 99326 1 16.124 62.622 76.644
-1 99060 1 19.565 58.964 76.694
-1 99340 1 20.863 60.237 76.894
-1 99053 1 18.224 57.758 76.829
-1 99036 1 11.308 58.640 77.168
-1 99039 2 13.065 58.038 76.529
-1 99778 1 7.422 67.910 76.857
-1 75756 2 15.495 66.427 58.626
-1 99569 1 17.392 63.872 76.707
-1 89316 2 1.107 59.319 69.465
-1 93696 2 8.224 59.373 72.883
-1 99546 1 9.040 65.794 76.778
-1 99310 1 10.880 60.002 76.227
-1 99315 2 12.385 60.741 75.421
-1 100283 1 16.085 76.447 76.703
-1 100277 1 14.725 75.222 76.729
-1 76521 2 15.613 80.704 58.881
-1 85294 2 1.083 73.573 66.194
-1 89902 2 5.536 71.787 68.596
-1 90103 2 11.047 73.565 68.498
-1 100532 1 20.032 80.252 76.961
-1 90096 2 8.089 73.587 69.404
-1 94887 2 8.325 80.654 73.192
-1 100526 1 17.361 77.697 76.856
-1 100497 1 7.629 78.738 77.141
-1 100515 2 13.856 78.664 76.345
-1 100760 2 12.354 81.549 75.675
-1 99784 1 8.645 69.195 76.826
-1 99814 1 20.245 69.998 76.795
-1 95943 1 42.473 9.230 76.190
-1 96384 2 29.834 16.611 77.114
-1 95443 1 41.786 3.041 77.423
-1 91214 2 36.674 9.369 73.089
-1 95939 2 41.031 10.453 75.635
-1 96392 2 32.648 16.478 75.954
-1 95412 1 33.195 1.183 77.090
-1 95429 1 39.271 0.440 77.275
-1 95436 1 40.508 1.737 77.231
-1 95944 1 43.021 11.595 77.457
-1 97658 1 33.876 30.014 77.473
-1 97411 1 30.581 30.599 77.643
-1 96872 2 34.223 24.561 75.972
-1 78608 2 29.682 30.520 63.069
-1 96399 1 36.026 17.824 77.128
-1 96642 1 37.136 19.112 77.031
-1 96381 1 28.117 17.064 77.840
-1 97168 1 40.905 29.317 77.120
-1 91964 2 29.897 23.445 73.511
-1 96873 2 34.259 21.441 75.757
-1 96861 1 29.594 23.884 76.687
-1 97642 2 29.955 33.636 78.166
-1 97446 1 40.853 33.289 77.201
-1 98351 1 31.050 45.230 78.705
-1 92994 1 34.600 38.145 78.564
-1 98417 1 39.475 49.293 77.429
-1 98398 1 33.208 46.540 78.620
-1 98377 1 34.751 48.755 78.735
-1 74796 2 36.880 44.960 59.560
-1 79398 2 41.299 46.817 62.207
-1 97664 1 33.157 36.178 78.537
-1 97665 1 34.540 35.054 78.492
-1 97866 1 22.743 36.726 78.109
-1 88202 2 36.757 37.860 70.148
-1 88208 2 39.537 37.871 69.067
-1 92762 2 23.552 37.764 74.719
-1 97877 2 26.604 38.993 76.349
-1 99634 1 40.160 65.500 77.663
-1 99628 1 38.828 64.347 77.339
-1 99619 1 35.562 64.775 77.172
-1 99615 1 33.090 65.649 77.054
-1 99609 1 31.797 64.373 76.913
-1 79752 2 29.026 52.111 61.980
-1 79758 2 32.583 52.265 62.036
-1 99396 1 40.307 62.184 77.458
-1 84581 2 37.013 59.318 66.449
-1 99386 1 37.569 63.108 77.377
-1 89193 2 41.347 57.528 69.257
-1 89405 2 41.349 61.145 69.164
-1 99366 1 30.499 63.106 77.070
-1 99860 2 36.408 66.610 76.699
-1 99869 2 39.485 67.178 76.933
-1 99346 1 23.622 62.980 76.912
-1 100353 1 40.211 76.403 77.338
-1 95417 1 35.042 85.099 77.132
-1 100087 1 32.161 71.711 76.987
-1 100083 1 30.378 73.391 76.922
-1 100073 1 26.233 72.508 76.706
-1 100536 1 21.908 78.603 76.839
-1 99824 1 23.681 69.921 76.788
-1 100067 1 24.938 71.240 76.627
-1 95949 1 44.707 9.582 77.456
-1 95716 1 45.550 6.991 77.367
-1 95710 1 44.379 5.752 77.374
-1 96678 1 49.205 21.096 76.947
-1 97248 1 63.766 28.830 77.242
-1 78233 2 53.881 23.556 61.586
-1 97241 1 62.475 27.568 77.385
-1 96672 1 47.990 19.895 76.999
-1 96928 2 53.559 23.536 75.928
-1 96920 2 50.609 23.912 76.400
-1 96698 1 60.736 22.246 78.417
-1 98446 2 61.017 44.811 75.820
-1 98438 2 58.103 45.055 76.725
-1 98172 1 50.743 36.400 77.808
-1 98391 1 52.102 39.682 78.364
-1 97967 1 58.657 37.880 76.870
-1 98914 1 56.542 52.990 77.727
-1 99142 1 45.456 53.773 77.712
-1 76430 2 60.973 74.263 59.581
-1 100891 1 47.358 83.591 77.558
-1 100884 1 46.105 82.367 77.470
-1 96246 1 65.011 12.004 77.724
-1 77877 2 65.173 16.463 62.935
-1 77883 2 68.058 16.448 62.155
-1 95586 1 84.966 6.563 77.539
-1 97520 1 68.801 30.244 77.348
-1 97261 1 67.574 29.067 77.303
-1 97511 1 65.086 30.091 77.282
-1 98469 1 69.554 44.733 77.073
-1 79304 2 84.156 43.142 61.822
-1 98241 1 72.840 41.230 77.307
-1 97992 1 67.213 39.161 77.012
-1 88280 2 72.587 37.915 69.838
-1 97764 1 71.203 36.251 77.231
-1 98003 2 72.168 38.195 76.814
-1 98011 2 75.090 38.148 76.112
-1 98714 1 71.889 50.257 76.919
-1 99744 1 80.330 65.564 77.268
-1 99714 1 69.343 65.232 77.748
-1 98964 1 74.432 52.825 77.024
-1 75884 2 72.268 66.362 59.309
-1 80668 2 75.873 68.129 61.043
-1 80643 2 65.357 66.294 63.103
-1 99238 1 73.559 55.291 77.166
-1 99226 1 69.704 54.926 77.251
-1 98944 1 68.404 53.659 77.308
-1 99252 1 76.121 57.875 77.261
-1 99245 1 74.848 56.571 77.160
-1 99233 1 71.038 56.137 77.306
-1 98959 1 73.169 51.515 76.918
-1 81055 2 79.477 73.440 62.976
-1 100207 1 75.231 71.211 77.616

聚类label id type x y z
0 96315 1 4.726 15.266 77.122
0 96074 1 3.661 14.278 77.696
0 96308 1 2.452 14.957 76.963
0 96314 1 4.049 16.515 76.804
平均坐标: 3.722 15.254 77.146

聚类label id type x y z
1 96088 1 8.496 11.911 77.757
1 95846 1 7.315 10.833 77.743
平均坐标: 7.905 11.372 77.750

聚类label id type x y z
2 96078 1 5.504 12.631 77.618
2 96084 1 6.826 13.491 78.032
平均坐标: 6.165 13.061 77.825

聚类label id type x y z
3 95872 1 17.101 7.837 76.715
3 95869 1 15.262 9.736 76.945
3 95878 1 18.573 9.371 76.804
3 95636 1 18.136 7.135 77.684
3 95876 1 17.480 10.144 77.653
3 95870 1 16.412 9.012 77.588
3 95879 1 19.114 8.362 77.868
平均坐标: 17.440 8.799 77.322

聚类label id type x y z
4 95329 1 8.675 1.027 77.597
4 95321 1 7.421 -0.061 77.594
平均坐标: 8.048 0.483 77.596

聚类label id type x y z
5 95596 1 3.717 7.184 77.653
5 95840 1 4.807 8.317 77.652
平均坐标: 4.262 7.750 77.652

聚类label id type x y z
6 95640 1 19.983 5.221 77.537
6 95646 1 21.178 6.256 77.668
平均坐标: 20.581 5.739 77.603

聚类label id type x y z
7 96792 1 5.637 23.504 78.027
7 96798 1 6.769 24.683 78.013
平均坐标: 6.203 24.094 78.020

聚类label id type x y z
8 98098 1 21.006 42.846 77.575
8 98092 1 19.807 41.806 77.717
平均坐标: 20.406 42.326 77.646

聚类label id type x y z
9 98308 1 10.851 45.503 76.802
9 98298 1 7.617 45.810 76.499
9 98307 1 9.743 46.265 77.467
9 98311 1 11.246 44.367 77.793
9 98301 1 8.609 45.140 77.441
平均坐标: 9.613 45.417 77.200

聚类label id type x y z
10 98515 1 0.053 50.318 77.205
10 98759 1 1.227 51.544 77.161
平均坐标: 0.640 50.931 77.183

聚类label id type x y z
11 98044 1 1.191 40.818 77.500
11 97804 1 0.050 39.719 77.528
平均坐标: 0.620 40.268 77.514

聚类label id type x y z
12 97852 1 16.946 38.936 77.921
12 97856 1 18.639 36.998 78.097
12 97616 1 17.465 35.807 78.076
12 97853 1 18.165 38.315 77.262
平均坐标: 17.804 37.514 77.839

聚类label id type x y z
13 97846 1 15.655 37.674 77.759
13 97832 1 10.700 40.053 77.507
13 97840 1 13.005 40.364 76.803
13 98073 1 11.827 41.196 77.315
13 97842 1 14.168 39.810 77.750
13 98083 1 15.416 40.899 77.751
13 97837 1 12.116 39.494 75.825
13 97843 1 14.781 38.627 76.902
13 97841 1 13.886 37.690 76.131
平均坐标: 13.506 39.534 77.083

聚类label id type x y z
14 97836 1 11.710 37.351 77.986
14 97596 1 10.574 36.202 78.001
平均坐标: 11.142 36.776 77.994

聚类label id type x y z
15 97818 1 5.269 37.855 77.613
15 97824 1 6.313 39.097 77.732
平均坐标: 5.791 38.476 77.672

聚类label id type x y z
16 98079 1 14.525 43.259 77.802
16 98322 1 15.632 44.417 77.537
平均坐标: 15.078 43.838 77.669

聚类label id type x y z
17 99530 1 3.824 64.543 76.938
17 99536 1 5.008 65.698 76.846
平均坐标: 4.416 65.120 76.892

聚类label id type x y z
18 99336 1 19.938 62.774 76.838
18 99579 1 21.127 63.948 76.782
平均坐标: 20.533 63.361 76.810

聚类label id type x y z
19 99316 1 12.916 63.170 76.894
19 99559 1 14.144 64.212 76.678
平均坐标: 13.530 63.691 76.786

聚类label id type x y z
20 99286 1 1.393 62.113 76.985
20 99281 1 0.281 60.975 76.948
平均坐标: 0.837 61.544 76.966

聚类label id type x y z
21 99048 1 16.451 59.477 76.765
21 99330 1 17.594 60.574 76.680
平均坐标: 17.023 60.025 76.722

聚类label id type x y z
22 99065 1 20.985 56.965 76.760
22 99058 1 19.814 55.864 76.799
平均坐标: 20.400 56.415 76.780

聚类label id type x y z
23 99025 1 8.388 58.699 76.943
23 99018 1 7.226 57.515 77.021
23 99302 1 7.802 59.771 76.014
平均坐标: 7.805 58.662 76.659

聚类label id type x y z
24 99046 1 14.348 55.429 77.411
24 99041 1 13.079 56.312 77.554
平均坐标: 13.713 55.871 77.482

聚类label id type x y z
25 99565 1 16.397 66.317 76.654
25 99808 1 17.525 67.447 76.693
平均坐标: 16.961 66.882 76.673

聚类label id type x y z
26 99768 1 3.846 68.005 76.872
26 99774 1 5.004 69.061 76.876
平均坐标: 4.425 68.533 76.874

聚类label id type x y z
27 98754 1 0.142 54.035 77.098
27 98999 1 1.312 55.137 77.015
平均坐标: 0.727 54.586 77.056

聚类label id type x y z
28 98808 1 19.592 52.528 77.100
28 98814 1 20.807 53.593 77.002
平均坐标: 20.200 53.061 77.051

聚类label id type x y z
29 98804 1 17.046 53.814 76.945
29 98799 1 15.980 52.605 77.059
平均坐标: 16.513 53.209 77.002

聚类label id type x y z
30 99818 1 21.137 67.496 76.703
30 99575 1 19.950 66.351 76.706
平均坐标: 20.544 66.924 76.704

聚类label id type x y z
31 99998 1 0.270 71.447 77.230
31 100003 1 1.398 72.607 77.190
平均坐标: 0.834 72.027 77.210

聚类label id type x y z
32 100749 1 8.490 83.120 77.480
32 100742 1 7.315 81.979 77.437
平均坐标: 7.902 82.550 77.459

聚类label id type x y z
33 100522 1 16.440 80.228 76.904
33 100780 1 17.577 81.356 76.912
平均坐标: 17.008 80.792 76.908

聚类label id type x y z
34 100757 1 11.220 80.274 76.710
34 100503 1 8.903 79.935 76.867
34 100755 1 10.038 81.036 77.423
平均坐标: 10.054 80.415 77.000

聚类label id type x y z
35 100516 1 12.689 77.799 77.518
35 100512 1 11.431 78.801 77.629
平均坐标: 12.060 78.300 77.574

聚类label id type x y z
36 100043 1 15.812 72.788 76.684
36 100037 1 14.579 71.660 76.756
平均坐标: 15.195 72.224 76.720

聚类label id type x y z
37 99764 1 1.952 69.709 77.067
37 100007 1 3.170 70.799 77.094
平均坐标: 2.561 70.254 77.081

聚类label id type x y z
38 99804 1 16.487 69.897 76.720
38 100047 1 17.626 70.999 76.736
平均坐标: 17.057 70.448 76.728

聚类label id type x y z
39 100017 1 7.444 71.500 76.951
39 100023 1 8.645 72.673 76.946
平均坐标: 8.045 72.086 76.948

聚类label id type x y z
40 100033 1 12.183 72.727 76.790
40 100027 1 11.025 71.557 76.756
平均坐标: 11.604 72.142 76.773

聚类label id type x y z
41 95371 1 21.695 3.423 77.283
41 95650 1 22.885 4.588 77.411
平均坐标: 22.290 4.006 77.347

聚类label id type x y z
42 95925 1 35.900 10.917 77.101
42 96167 1 37.072 11.965 77.057
平均坐标: 36.486 11.441 77.079

聚类label id type x y z
43 95929 1 37.368 9.088 77.081
43 95696 1 38.991 7.314 77.200
43 95931 1 37.946 7.944 76.258
43 95938 1 40.166 8.110 76.594
43 95937 1 39.632 9.377 76.071
43 95935 1 38.653 10.071 77.026
平均坐标: 38.793 8.651 76.705

聚类label id type x y z
44 95919 1 33.378 8.437 77.105
44 95676 1 32.209 7.317 77.179
平均坐标: 32.793 7.877 77.142

聚类label id type x y z
45 95915 1 31.814 10.311 77.275
45 95910 1 30.601 9.163 77.279
平均坐标: 31.208 9.737 77.277

聚类label id type x y z
46 95905 1 28.999 10.958 77.338
46 96147 1 30.108 12.070 77.342
平均坐标: 29.554 11.514 77.340

聚类label id type x y z
47 95899 1 26.563 8.446 77.341
47 95656 1 25.410 7.311 77.411
平均坐标: 25.986 7.878 77.376

聚类label id type x y z
48 96153 1 32.393 14.405 77.417
48 96393 1 33.576 15.550 77.223
平均坐标: 32.985 14.978 77.320

聚类label id type x y z
49 95706 1 42.009 6.408 77.710
49 95700 1 40.703 5.446 77.431
平均坐标: 41.356 5.927 77.571

聚类label id type x y z
50 95686 1 34.986 6.619 77.249
50 95680 1 33.845 5.453 77.177
平均坐标: 34.415 6.036 77.213

聚类label id type x y z
51 95666 1 28.240 6.546 77.280
51 95660 1 27.023 5.383 77.251
平均坐标: 27.632 5.964 77.266

聚类label id type x y z
52 96176 1 40.946 13.243 77.180
52 96182 1 42.218 14.305 77.079
平均坐标: 41.582 13.774 77.129

聚类label id type x y z
53 96163 1 35.378 13.779 77.257
53 96157 1 34.205 12.704 77.223
平均坐标: 34.791 13.241 77.240

聚类label id type x y z
54 96413 1 41.059 16.406 76.972
54 96419 1 42.203 17.579 76.927
平均坐标: 41.630 16.993 76.949

聚类label id type x y z
55 96404 1 37.912 16.151 77.031
55 96409 1 38.906 17.411 76.948
平均坐标: 38.409 16.781 76.989

聚类label id type x y z
56 95431 1 38.505 3.169 77.236
56 95425 1 37.375 2.078 77.159
平均坐标: 37.940 2.624 77.198

聚类label id type x y z
57 95690 1 36.635 4.887 77.177
57 95419 1 35.579 3.735 77.148
平均坐标: 36.107 4.311 77.163

聚类label id type x y z
58 95401 1 30.297 1.735 76.984
58 95407 1 31.427 2.835 77.065
平均坐标: 30.862 2.285 77.025

聚类label id type x y z
59 95395 1 28.674 3.492 77.070
59 95670 1 29.848 4.643 77.149
平均坐标: 29.261 4.068 77.109

聚类label id type x y z
60 96897 1 42.979 25.061 76.794
60 97176 1 44.069 26.274 76.834
平均坐标: 43.524 25.667 76.814

聚类label id type x y z
61 97426 1 36.660 30.201 77.592
61 97157 1 38.131 30.009 77.575
61 97678 1 38.316 29.343 78.989
61 96887 1 38.610 27.248 77.986
61 97436 1 36.071 27.835 78.529
61 97137 1 36.070 28.714 77.292
61 97675 1 39.291 31.194 77.533
61 97431 1 37.674 27.931 78.992
61 97682 1 39.252 32.783 77.548
平均坐标: 37.786 29.473 78.004

聚类label id type x y z
62 97132 1 35.418 26.256 78.046
62 96882 1 36.691 22.742 76.524
62 96880 1 36.348 24.339 76.534
62 96877 1 36.682 25.393 77.718
62 96638 1 35.837 21.406 76.956
平均坐标: 36.195 24.027 77.155

聚类label id type x y z
63 96870 1 32.931 23.488 76.640
63 96868 1 31.849 24.193 77.471
63 96871 1 33.365 22.145 77.371
平均坐标: 32.715 23.275 77.161

聚类label id type x y z
64 97638 1 26.931 33.202 77.997
64 97644 1 27.970 34.216 78.656
64 97876 1 27.983 35.424 77.571
平均坐标: 27.628 34.280 78.075

聚类label id type x y z
65 96632 1 33.660 19.034 77.187
65 96389 1 32.466 17.979 77.210
平均坐标: 33.063 18.506 77.199

聚类label id type x y z
66 97416 1 32.698 32.885 78.486
66 97648 1 31.677 34.169 78.695
平均坐标: 32.187 33.527 78.590

聚类label id type x y z
67 98347 1 24.566 46.066 77.549
67 98342 1 23.390 45.000 77.527
平均坐标: 23.978 45.533 77.538

聚类label id type x y z
68 98614 1 40.624 43.518 77.674
68 98628 1 38.305 43.380 77.058
68 98149 1 39.519 42.423 77.732
68 97906 1 35.492 42.944 77.838
68 98135 1 36.362 43.990 78.683
68 97928 1 37.458 44.447 77.721
68 98629 1 40.805 48.211 77.845
68 98623 1 40.365 46.414 75.510
68 98148 1 41.015 46.592 77.729
68 98402 1 39.764 45.914 76.826
68 98157 1 38.409 46.909 76.583
68 98382 1 35.561 45.336 78.792
68 98137 1 34.058 45.035 78.541
68 97926 1 40.621 47.936 75.510
68 93377 1 41.479 48.646 76.545
68 98381 1 39.628 44.252 76.627
平均坐标: 38.717 45.372 77.326

聚类label id type x y z
69 98145 1 42.755 46.176 77.785
69 98399 1 43.640 47.491 77.620
平均坐标: 43.198 46.833 77.703

聚类label id type x y z
70 98117 1 27.758 42.780 77.803
70 98111 1 26.529 41.655 77.822
平均坐标: 27.144 42.217 77.813

聚类label id type x y z
71 98121 1 29.778 40.877 78.112
71 97882 1 28.548 39.842 78.413
平均坐标: 29.163 40.359 78.263

聚类label id type x y z
72 98102 1 22.822 40.767 77.520
72 97862 1 21.742 39.679 77.874
平均坐标: 22.282 40.223 77.697

聚类label id type x y z
73 97890 1 30.647 39.530 77.521
73 97881 1 30.638 37.135 78.233
73 97887 1 32.073 37.566 78.830
73 97883 1 29.666 38.472 77.998
平均坐标: 30.756 38.175 78.145

聚类label id type x y z
74 98622 1 38.023 50.279 77.277
74 98385 1 40.284 50.712 78.137
74 98624 1 41.724 51.145 77.386
74 98639 1 40.028 53.515 76.042
74 98155 1 41.510 53.450 76.155
74 98387 1 39.267 51.902 78.402
74 98859 1 38.196 51.827 77.200
74 98158 1 41.531 52.739 77.514
74 98625 1 40.184 53.191 78.307
74 98869 1 39.693 54.264 77.296
74 98872 1 40.803 55.395 77.172
74 99130 1 41.404 55.760 78.494
74 98879 1 42.021 57.252 78.499
74 99148 1 41.941 58.556 77.535
74 98644 1 42.687 54.860 78.736
74 99137 1 42.776 53.335 78.187
74 98882 1 43.800 55.746 78.234
74 98878 1 43.529 57.135 78.782
74 99400 1 42.995 61.108 77.940
74 98165 1 44.385 58.397 78.373
74 98642 1 43.200 59.465 77.915
74 98618 1 43.989 52.815 77.357
74 98645 1 45.972 56.679 77.704
74 98864 1 45.293 55.372 78.478
平均坐标: 41.885 54.787 77.797

聚类label id type x y z
75 97872 1 25.230 38.002 77.029
75 97635 1 24.559 34.556 78.079
75 97633 1 24.106 35.898 77.317
75 97868 1 25.431 36.488 76.603
平均坐标: 24.832 36.236 77.257

聚类label id type x y z
76 97863 1 22.289 38.113 77.236
76 97873 1 23.675 38.513 76.489
平均坐标: 22.982 38.313 76.863

聚类label id type x y z
77 97676 1 39.337 35.308 77.509
77 97911 1 38.295 34.207 78.048
平均坐标: 38.816 34.757 77.778

聚类label id type x y z
78 98636 1 42.581 50.193 75.359
78 98635 1 43.129 51.580 75.387
78 98873 1 43.472 51.245 76.928
平均坐标: 43.061 51.006 75.892

聚类label id type x y z
79 99828 1 24.660 67.414 76.732
79 99585 1 23.472 66.277 76.686
平均坐标: 24.066 66.845 76.709

聚类label id type x y z
80 99370 1 32.114 61.242 77.063
80 99376 1 33.245 62.370 76.990
平均坐标: 32.679 61.806 77.027

聚类label id type x y z
81 99605 1 30.355 66.346 76.856
81 99848 1 31.460 67.499 76.994
平均坐标: 30.908 66.923 76.925

聚类label id type x y z
82 99360 1 24.846 58.228 77.830
82 99084 1 26.244 58.883 77.142
平均坐标: 25.545 58.556 77.486

聚类label id type x y z
83 99072 1 23.591 59.239 77.084
83 99350 1 24.653 60.494 76.933
平均坐标: 24.122 59.866 77.009

聚类label id type x y z
84 99132 1 39.469 58.594 78.397
84 98147 1 38.434 59.774 78.281
平均坐标: 38.951 59.184 78.339

聚类label id type x y z
85 99838 1 28.655 68.093 76.780
85 99844 1 29.752 69.258 76.881
平均坐标: 29.203 68.675 76.830

聚类label id type x y z
86 99858 1 35.788 68.272 77.342
86 99864 1 36.959 69.338 77.283
平均坐标: 36.373 68.805 77.313

聚类label id type x y z
87 100566 1 32.222 78.704 77.012
87 100572 1 33.336 79.909 77.089
平均坐标: 32.779 79.306 77.050

聚类label id type x y z
88 100546 1 24.705 77.794 76.909
88 100303 1 23.579 76.688 76.881
平均坐标: 24.142 77.241 76.895

聚类label id type x y z
89 100852 1 36.801 83.410 77.190
89 100845 1 35.612 82.284 77.166
平均坐标: 36.206 82.847 77.178

聚类label id type x y z
90 100323 1 29.826 76.261 76.970
90 100317 1 28.671 75.098 76.902
平均坐标: 29.248 75.680 76.936

聚类label id type x y z
91 100313 1 26.363 76.054 76.859
91 100307 1 25.259 74.861 76.796
平均坐标: 25.811 75.457 76.827

聚类label id type x y z
92 100113 1 40.379 73.088 77.341
92 100107 1 39.240 71.937 77.380
平均坐标: 39.810 72.513 77.361

聚类label id type x y z
93 100097 1 35.094 71.138 77.110
93 99854 1 33.979 70.016 77.060
平均坐标: 34.536 70.577 77.085

聚类label id type x y z
94 100077 1 28.035 70.890 76.722
94 99834 1 26.888 69.740 76.686
平均坐标: 27.462 70.315 76.704

聚类label id type x y z
95 96444 1 50.721 15.720 77.190
95 96202 1 49.593 14.620 77.241
平均坐标: 50.157 15.170 77.215

聚类label id type x y z
96 96433 1 47.911 16.386 77.089
96 96439 1 49.022 17.522 77.136
平均坐标: 48.467 16.954 77.113

聚类label id type x y z
97 96424 1 44.516 16.477 77.131
97 96429 1 45.748 17.602 77.046
平均坐标: 45.132 17.040 77.088

聚类label id type x y z
98 96955 1 64.111 25.574 77.412
98 97254 1 65.289 26.703 77.287
平均坐标: 64.700 26.139 77.349

聚类label id type x y z
99 97486 1 56.364 31.988 76.844
99 97480 1 55.229 30.814 76.888
平均坐标: 55.796 31.401 76.866

聚类label id type x y z
100 96668 1 45.794 21.102 76.816
100 96662 1 44.660 19.922 76.893
平均坐标: 45.227 20.512 76.854

聚类label id type x y z
101 97228 1 58.558 27.350 77.247
101 97235 1 59.769 28.459 77.223
平均坐标: 59.164 27.905 77.235

聚类label id type x y z
102 97222 1 56.929 29.169 76.994
102 97491 1 58.079 30.293 77.014
平均坐标: 57.504 29.731 77.004

聚类label id type x y z
103 97215 1 54.462 26.443 76.992
103 96925 1 53.258 25.314 76.881
平均坐标: 53.860 25.879 76.937

聚类label id type x y z
104 96682 1 51.420 19.920 77.104
104 96688 1 52.549 21.057 77.122
平均坐标: 51.985 20.488 77.113

聚类label id type x y z
105 97202 1 51.693 27.154 76.807
105 97209 1 52.822 28.284 76.849
平均坐标: 52.257 27.719 76.828

聚类label id type x y z
106 97196 1 49.384 28.223 76.755
106 97189 1 48.238 27.072 76.763
平均坐标: 48.811 27.647 76.759

聚类label id type x y z
107 96935 1 56.200 24.610 77.098
107 96929 1 55.160 23.301 77.126
平均坐标: 55.680 23.956 77.112

聚类label id type x y z
108 96917 1 49.061 24.660 77.058
108 96911 1 48.024 23.446 76.848
平均坐标: 48.542 24.053 76.953

聚类label id type x y z
109 96902 1 44.724 23.378 76.761
109 96907 1 45.844 24.541 76.749
平均坐标: 45.284 23.960 76.755

聚类label id type x y z
110 96718 1 64.011 21.818 77.527
110 96960 1 65.198 23.009 77.525
平均坐标: 64.605 22.414 77.526

聚类label id type x y z
111 98678 1 58.451 47.841 77.338
111 98437 1 57.271 46.750 77.523
平均坐标: 57.861 47.295 77.431

聚类label id type x y z
112 98655 1 53.709 49.656 77.750
112 98650 1 54.288 50.938 78.570
112 98908 1 55.514 51.596 77.651
平均坐标: 54.504 50.730 77.990

聚类label id type x y z
113 98904 1 48.360 49.644 77.477
113 98392 1 49.820 48.234 78.815
113 98395 1 48.403 48.073 78.017
113 98643 1 49.895 49.528 77.917
113 98405 1 50.607 50.737 78.614
113 98652 1 52.112 53.510 78.436
113 98408 1 50.456 53.179 78.263
113 98895 1 52.514 54.572 79.457
113 99166 1 52.099 55.965 78.774
113 98888 1 46.962 51.476 76.829
113 99156 1 48.544 51.262 77.360
113 99168 1 49.452 51.886 78.582
113 98868 1 51.755 51.439 77.718
113 98902 1 53.110 52.214 78.234
113 98892 1 49.780 54.575 78.174
平均坐标: 50.258 51.753 78.178

聚类label id type x y z
114 98455 1 63.776 45.801 76.835
114 98449 1 62.677 44.564 76.849
平均坐标: 63.227 45.183 76.842

聚类label id type x y z
115 98445 1 60.919 46.490 77.006
115 98688 1 62.099 47.541 77.069
平均坐标: 61.509 47.016 77.038

聚类label id type x y z
116 98211 1 60.138 39.790 78.205
116 98207 1 60.665 42.229 77.143
116 98197 1 56.515 41.952 77.484
116 98201 1 59.659 41.127 77.478
116 97962 1 58.100 41.606 77.483
116 98191 1 55.569 40.726 77.088
116 97972 1 59.922 39.043 76.884
平均坐标: 58.653 40.925 77.395

聚类label id type x y z
117 97734 1 59.845 35.595 76.932
117 97728 1 58.755 34.399 76.873
平均坐标: 59.300 34.997 76.902

聚类label id type x y z
118 97724 1 56.430 35.359 76.846
118 97718 1 55.286 34.175 76.805
平均坐标: 55.858 34.767 76.826

聚类label id type x y z
119 97714 1 53.545 35.845 76.875
119 97956 1 54.736 37.056 76.881
平均坐标: 54.141 36.451 76.878

聚类label id type x y z
120 98393 1 46.056 46.030 77.809
120 98386 1 45.176 44.721 78.265
平均坐标: 45.616 45.376 78.037

聚类label id type x y z
121 99668 1 50.868 61.377 78.679
121 99420 1 52.103 60.253 78.668
平均坐标: 51.486 60.815 78.673

聚类label id type x y z
122 99410 1 45.095 63.553 78.620
122 99416 1 43.952 64.809 78.640
平均坐标: 44.524 64.181 78.630

聚类label id type x y z
123 98905 1 50.230 58.512 78.639
123 99149 1 49.068 59.612 78.618
平均坐标: 49.649 59.062 78.628

聚类label id type x y z
124 100626 1 53.376 78.876 77.913
124 100632 1 54.528 79.973 77.887
平均坐标: 53.952 79.424 77.900

聚类label id type x y z
125 95551 1 75.080 3.958 77.825
125 95800 1 76.240 5.058 77.700
平均坐标: 75.660 4.508 77.763

聚类label id type x y z
126 95790 1 73.183 5.695 77.839
126 95796 1 74.378 6.834 77.706
平均坐标: 73.781 6.264 77.772

聚类label id type x y z
127 97267 1 68.764 26.584 77.421
127 96965 1 67.557 25.466 77.408
平均坐标: 68.160 26.025 77.415

聚类label id type x y z
128 98217 1 64.521 43.065 76.836
128 98460 1 65.671 44.213 76.826
平均坐标: 65.096 43.639 76.831

聚类label id type x y z
129 98465 1 68.134 46.653 76.995
129 98708 1 69.247 47.795 77.037
平均坐标: 68.691 47.224 77.016

聚类label id type x y z
130 98694 1 64.563 49.874 77.212
130 98939 1 65.701 51.040 77.289
平均坐标: 65.132 50.457 77.250

聚类label id type x y z
131 97778 1 76.495 34.264 77.537
131 97784 1 77.619 35.402 77.641
平均坐标: 77.057 34.833 77.589

聚类label id type x y z
132 98010 1 74.934 39.758 77.257
132 98251 1 76.162 40.895 77.335
平均坐标: 75.548 40.327 77.296

聚类label id type x y z
133 98231 1 69.644 41.476 77.056
133 98237 1 70.833 42.656 77.116
平均坐标: 70.239 42.066 77.086

聚类label id type x y z
134 98221 1 66.225 41.397 76.888
134 98227 1 67.424 42.507 76.901
平均坐标: 66.825 41.952 76.895

聚类label id type x y z
135 98744 1 82.188 50.384 77.118
135 98988 1 83.331 51.584 77.034
平均坐标: 82.760 50.984 77.076

聚类label id type x y z
136 98034 1 83.233 37.414 77.653
136 97794 1 82.099 36.193 77.745
平均坐标: 82.666 36.804 77.699

聚类label id type x y z
137 97996 1 69.479 37.965 77.157
137 98002 1 70.602 39.082 77.360
平均坐标: 70.040 38.524 77.259

聚类label id type x y z
138 98724 1 75.208 50.182 76.974
138 98968 1 76.290 51.380 76.977
平均坐标: 75.749 50.781 76.975

聚类label id type x y z
139 98014 1 75.850 37.133 77.425
139 97774 1 74.709 36.032 77.398
平均坐标: 75.280 36.583 77.411

聚类label id type x y z
140 98500 1 79.691 44.320 77.397
140 98257 1 78.522 43.188 77.382
平均坐标: 79.107 43.754 77.390

聚类label id type x y z
141 98247 1 75.064 43.306 77.239
141 98489 1 76.207 44.376 77.229
平均坐标: 75.635 43.841 77.234

聚类label id type x y z
142 98704 1 67.461 49.379 77.124
142 98698 1 66.270 48.212 77.071
平均坐标: 66.865 48.796 77.097

聚类label id type x y z
143 98748 1 83.200 47.955 77.294
143 98505 1 82.069 46.728 77.392
平均坐标: 82.634 47.342 77.343

聚类label id type x y z
144 99738 1 78.211 63.419 77.259
144 99496 1 77.038 62.327 77.370
平均坐标: 77.625 62.873 77.314

聚类label id type x y z
145 99718 1 71.120 63.450 77.661
145 99476 1 70.014 62.346 77.707
平均坐标: 70.567 62.898 77.684

聚类label id type x y z
146 99506 1 79.908 61.743 77.111
146 99500 1 78.719 60.616 77.119
平均坐标: 79.313 61.180 77.115

聚类label id type x y z
147 98979 1 80.463 52.054 76.980
147 98984 1 81.564 53.249 76.936
平均坐标: 81.013 52.651 76.958

聚类label id type x y z
148 99276 1 83.410 58.532 76.917
148 99269 1 82.286 57.382 76.922
平均坐标: 82.848 57.957 76.920

聚类label id type x y z
149 99221 1 68.264 56.948 77.493
149 99228 1 69.373 58.007 77.581
平均坐标: 68.818 57.477 77.537

聚类label id type x y z
150 99264 1 80.558 59.009 77.008
150 99510 1 81.670 60.126 76.990
平均坐标: 81.114 59.567 76.999

聚类label id type x y z
151 99274 1 83.989 55.689 76.986
151 98995 1 85.140 56.834 76.996
平均坐标: 84.565 56.261 76.991

聚类label id type x y z
152 98974 1 78.725 53.629 77.003
152 99262 1 79.873 54.827 76.987
平均坐标: 79.299 54.228 76.995

聚类label id type x y z
153 99250 1 76.896 55.234 77.116
153 99257 1 78.049 56.417 77.089
平均坐标: 77.472 55.825 77.103

聚类label id type x y z
154 99470 1 67.583 59.817 77.716
154 99216 1 66.393 58.705 77.707
平均坐标: 66.988 59.261 77.711

聚类label id type x y z
155 98948 1 70.011 51.786 77.121
155 98954 1 71.194 52.900 77.089
平均坐标: 70.603 52.343 77.105

聚类label id type x y z
156 99987 1 82.233 67.778 77.147
156 99993 1 83.384 68.945 77.212
平均坐标: 82.808 68.361 77.179

聚类label id type x y z
157 101001 1 77.936 81.495 77.823
157 100692 1 76.798 80.422 77.844
平均坐标: 77.367 80.959 77.834

聚类label id type x y z
158 100686 1 74.474 77.820 77.817
158 100443 1 73.388 76.631 77.836
平均坐标: 73.931 77.225 77.827

