91167 2 15.4781 9.38702 73.6176
91517 2 1.17075 16.4805 73.6322
96308 1 2.76967 15.4137 76.02
95305 1 2.02951 2.11564 77.5935
95311 1 3.18993 3.31453 77.5363
97698 1 4.05699 8.37356 78.427
95881 2 20.2434 8.1571 77.1717
97694 1 2.8388 9.45792 78.3924
95876 1 17.3348 10.2417 77.6731
97970 1 2.37496 13.617 78.287
98376 1 0.583247 11.4715 78.3647
96094 1 10.3478 13.8144 77.6026
96088 1 9.17393 12.7599 77.5463
96098 1 12.6625 12.9186 77.6175
93214 1 11.44 13.3903 78.7988
96104 1 13.8527 14.0356 77.5398
96108 1 15.519 12.1816 77.5725
96306 1 2.02317 16.2107 77.3471
96315 1 4.48329 15.4774 77.9473
96084 1 7.68473 14.5751 77.8253
96317 2 6.05578 15.1118 77.0547
96355 1 19.884 16.4519 77.4896
96316 2 5.11945 17.8043 76.1716
96302 1 0.0640852 18.0224 77.6116
96305 1 0.692138 16.8895 76.7362
96543 1 1.23161 19.2401 77.6319
96314 1 4.28019 17.0377 77.6802
96312 1 2.87624 17.4502 77.7964
93204 1 11.7068 19.1427 78.4135
97668 1 14.901 18.4402 78.5259
96361 1 21.0082 17.5986 77.4744
96568 1 11.0005 21.7714 77.5329
96592 1 19.908 19.9651 77.5148
96598 1 21.0263 21.0893 77.5047
96803 1 9.12521 23.4748 77.5613
96808 1 10.303 24.6147 77.4675
96812 1 12.2198 22.9376 77.4311
93794 1 13.1738 23.776 78.4266
93207 1 16.9012 24.1832 78.5132
92633 1 20.4799 23.9473 78.3557
93202 1 17.1379 27.8376 78.4565
97386 1 20.2496 31.2663 77.8865
97648 1 19.1852 32.4959 78.2394
87825 1 20.2208 29.6588 79.2747
97638 1 20.602 31.2263 79.4238
97645 1 19.4541 32.3301 79.7215
92747 2 15.5483 37.8249 73.5829
93113 2 8.29523 44.9404 73.5378
97623 2 19.5471 35.7357 75.9176
97857 2 19.5365 39.4563 76.0328
98068 1 9.59434 43.5953 76.5618
98077 2 12.6399 42.9516 76.224
98080 1 15.0822 41.7946 76.5821
97596 1 10.6871 35.8025 77.4853
97606 1 14.5753 36.0483 77.5639
97625 1 21.2084 34.6906 77.7953
97863 1 20.937 36.1001 78.2501
97836 1 11.9891 36.8951 77.7467
97833 2 11.327 38.476 76.9934
97843 1 15.0242 38.4432 76.6988
97870 1 17.9245 36.7311 78.525
98128 1 16.6792 37.9254 78.3933
97636 1 20.3187 36.8345 77.1014
98092 1 20.1512 38.8085 78.5227
97830 1 9.15858 40.0126 77.3033
97832 1 10.8937 40.0747 77.8196
98073 1 12.1534 39.9931 78.9006
98071 1 11.357 41.3046 76.7626
97840 1 12.9492 40.4915 76.5916
98083 1 15.8697 40.8667 77.5058
97842 1 14.8753 39.6089 77.9553
97880 1 13.4819 40.385 78.0649
97850 1 16.7716 40.06 76.5891
92775 1 17.8614 40.0128 78.6224
98838 1 19.7853 41.1587 79.0917
92767 1 20.5412 39.9541 77.4305
99167 1 0.89813 43.8696 78.3261
98070 1 10.2195 42.4083 77.3732
98079 1 14.3745 42.7817 77.4482
92979 1 13.778 41.835 78.5508
98106 1 17.3419 41.5029 78.2981
98089 1 17.9059 42.2298 76.9544
98358 1 19.654 43.4294 79.0567
97894 1 21.0573 42.7881 78.6475
93165 1 20.4843 41.6434 77.5662
98152 1 19.346 42.7069 76.9808
98298 1 7.88342 45.4904 76.6721
98307 1 10.0818 45.9243 77.5727
98301 1 9.02036 44.7746 77.4802
98322 1 15.6543 44.0738 77.5165
98096 1 20.8136 44.7096 77.3393
98277 1 0.166072 46.6453 77.477
98519 1 1.31781 47.8233 77.4756
98297 1 7.21145 46.6019 77.5527
98539 1 8.36855 47.7688 77.5886
98098 1 16.0323 49.0086 78.6962
98590 1 15.0588 50.2459 78.4697
98854 1 17.5004 49.5825 78.812
97884 1 21.1963 50.0258 78.9192
97886 1 15.6747 38.9317 79.1771
98356 1 19.2289 39.7576 79.3404
98351 1 18.6889 42.178 79.2908
75756 2 15.4031 66.3707 59.3253
80354 2 19.8678 64.5229 61.9759
89323 2 3.99817 59.2279 69.152
93696 2 8.33089 59.2344 73.5219
99315 2 12.2932 60.5303 76.1575
98116 1 18.8918 54.3306 78.3345
98585 1 20.4572 52.3979 78.3965
99018 1 7.55955 57.2345 77.3289
99030 1 10.6507 57.0708 77.6122
99041 1 13.9011 56.3922 77.8437
99302 1 7.77985 59.564 76.5888
99310 1 9.874 59.8805 77.705
99025 1 8.68901 58.5331 77.3401
99039 2 13.2538 57.8773 77.1189
99036 1 11.6278 58.2484 77.8436
99306 1 8.60582 62.1161 77.6641
99316 1 12.2367 62.4984 77.9019
99336 1 19.9724 62.5743 77.5694
98122 1 2.5082 64.9896 78.8251
99536 1 4.90384 65.5353 77.6594
99530 1 3.70754 64.4026 77.7517
99540 1 7.24696 64.3483 77.5757
99546 1 8.57894 65.347 77.6146
99559 1 14.8038 64.7155 77.5803
99569 1 17.637 63.7849 77.5683
99579 1 21.0978 63.7818 77.5497
99808 1 17.2771 67.1452 77.6224
99565 1 16.1836 65.8159 77.5929
99575 1 19.8778 66.125 77.5554
99818 1 21.071 67.2601 77.599
98138 1 19.7173 53.4264 79.2925
76521 2 15.4407 80.6188 59.3641
81114 2 19.8663 78.8444 62.0383
85294 2 1.25795 73.4655 66.597
90096 2 8.37285 73.5095 70.1831
90103 2 11.1559 73.5258 69.2561
94887 2 8.34771 80.6344 73.719
100058 1 20.7679 73.6404 76.3487
100278 1 14.1595 76.4522 75.975
100292 1 18.4635 74.4652 74.6219
100509 1 11.7779 77.8057 76.2183
100037 1 14.0577 71.1843 77.4997
99804 1 15.4604 68.9574 77.6799
100287 1 17.428 70.7424 79.1277
99814 1 19.5658 69.4194 77.7705
100003 1 2.02038 73.4608 77.6687
100027 1 10.9657 71.6807 77.55
100033 1 12.102 72.7858 77.4704
100279 1 15.325 73.9814 77.5302
100043 1 15.3697 72.3634 77.7548
100289 1 18.4401 73.9209 77.1757
100047 1 17.925 71.4279 77.7707
100053 1 19.0235 72.6626 77.9139
100238 1 0.100746 75.1722 77.6217
100243 1 0.878738 76.5542 77.9636
92981 1 2.37601 76.7181 77.9308
100247 1 3.1476 74.4958 77.6731
100253 1 5.60325 76.972 77.6649
100273 1 12.6575 76.955 77.4075
100276 1 13.2125 75.6217 76.8872
100277 1 13.9795 74.7255 77.954
100487 1 3.21514 78.1282 77.7534
100497 1 6.69061 78.1528 77.6782
100506 1 9.60432 79.3237 76.7963
100507 1 10.8926 78.596 77.4147
100512 1 11.7386 79.7789 77.883
100516 1 13.9398 77.742 77.8086
100515 2 13.4511 79.3838 77.3382
100493 1 5.50932 80.5665 77.6813
100742 1 6.64897 81.7186 77.6163
100744 1 7.81881 81.0984 76.7419
100503 1 8.9612 80.5153 77.6629
100755 1 10.0057 81.654 77.7525
100749 1 8.8008 83.9043 77.7375
91214 2 36.7137 9.31 73.4644
95931 1 38.0698 7.92655 76.524
95939 2 40.825 10.7094 76.0129
96392 2 32.2775 16.4545 76.1175
98910 1 40.0025 0.929625 78.3639
95441 1 42.8613 0.193106 77.4215
95436 1 40.9611 1.85039 77.4057
95690 1 37.0387 4.93767 77.4253
95431 1 39.3257 3.76978 77.3688
95646 1 21.986 7.62825 77.6445
95696 1 39.0726 7.26687 77.4354
95940 2 41.7435 7.96479 76.8882
95890 1 23.2094 8.95731 77.4137
95895 1 24.5054 10.249 77.5468
95905 1 28.6799 11.075 77.5101
95929 1 37.4715 9.0753 77.3892
95925 1 35.8725 10.9958 77.4915
95935 1 38.533 10.1799 77.4173
95937 1 39.606 9.45767 76.6344
95938 1 40.1079 8.42047 77.6295
95944 1 43.1994 11.0926 77.553
93399 1 23.9746 13.5076 78.3818
96147 1 29.7611 12.1841 77.5814
96157 1 34.1604 12.7816 77.5335
96167 1 37.0417 12.1502 77.4773
92798 1 40.0604 13.4296 77.8854
96176 1 41.5183 13.0185 77.7803
96366 1 23.41 16.3726 77.4702
98666 1 34.5165 16.82 78.3641
96153 1 32.4537 14.524 77.6991
97452 1 35.8583 14.5442 78.7043
97425 1 37.2818 14.7432 78.3367
92805 1 39.7888 14.6144 78.9138
97669 1 40.5902 15.9942 78.7798
97163 1 36.7029 16.6856 80.0521
98141 1 35.4995 15.9562 79.2904
96900 1 39.1595 16.501 80.7574
97907 1 38.2632 14.61 79.4653
97406 1 37.8618 15.6429 80.5585
78608 2 29.6669 30.7396 62.7934
78614 2 32.4611 30.7917 61.8435
87819 1 35.5898 32.3352 67.8856
87824 1 36.8456 31.6423 68.5175
88008 1 35.3864 33.6797 68.7026
92400 1 31.8383 30.8342 71.0079
92182 1 32.9062 29.5793 71.0377
87595 1 33.9336 29.7924 69.8764
87597 1 35.4494 29.8639 70.1703
87820 1 36.1658 30.8162 71.2566
88016 1 37.5255 29.9022 71.3128
97156 1 39.2491 30.705 69.8313
92398 1 32.2726 31.5916 69.6147
88010 1 34.7331 33.0987 70.0246
98640 1 36.2049 32.2883 70.6394
87609 1 37.2595 32.6643 69.6062
92192 1 38.7292 32.2975 70.172
87607 1 40.1067 33.1145 69.5428
92429 1 41.416 33.3029 70.4316
87826 1 41.5437 31.1839 71.4305
91964 2 29.7701 23.6034 73.4878
97422 1 32.308 30.9658 73.625
92406 1 35.0153 29.6137 73.2127
88012 1 36.113 30.6366 72.8038
96897 1 37.5466 30.3176 73.7096
92434 1 39.701 29.1285 72.6861
92413 1 38.5565 30.255 72.55
92219 1 42.6988 30.5261 72.2103
92209 1 42.3104 30.1177 73.5758
92602 1 40.7149 29.5174 73.8071
92201 1 42.9633 28.8321 74.0239
92177 1 31.548 31.5993 72.2977
92397 1 30.2083 33.0874 73.7275
87818 1 37.0608 32.6816 71.9056
92410 1 38.5624 32.6707 71.6597
92423 1 39.25 31.7884 72.6679
88026 1 43.1997 33.6173 72.6821
92204 1 40.7931 32.1529 72.3779
83795 1 40.8204 33.6299 71.8171
96861 1 29.3246 23.5692 76.5546
97120 1 30.1256 24.76 75.9456
97176 1 39.7004 24.2695 76.4751
97426 1 30.9502 27.6464 76.0794
97411 1 30.5826 27.9132 74.6705
92393 1 32.3781 26.8811 76.0005
97158 1 34.9309 27.7098 76.0684
97447 1 39.2452 27.6748 75.52
92426 1 38.2428 27.8139 74.3615
97166 1 40.4437 26.5783 75.2496
91993 1 43.1345 26.2294 74.7783
97194 1 41.9424 26.5286 75.9955
96871 1 28.9273 28.8288 76.3983
87810 1 27.8199 30.9473 75.9499
88018 1 31.5345 30.0299 74.488
92779 1 29.9533 30.3327 74.5895
88198 1 32.237 29.8517 75.9886
92396 1 34.5774 30.1297 74.6387
87828 1 36.8333 29.2795 75.9769
92187 1 35.2495 29.368 76.0507
92603 1 37.1722 29.0107 74.4289
97933 1 39.8254 29.1575 75.2782
87815 1 39.1217 30.4076 75.8857
92203 1 41.543 28.336 74.3852
97189 1 41.866 30.341 76.1799
93013 1 41.2745 28.922 75.8614
97148 1 29.0125 33.7282 75.772
97635 1 29.484 31.0832 75.8566
97130 1 30.077 32.6095 75.3683
97125 1 32.8249 31.2798 76.0345
97183 1 33.4932 31.2995 74.55
92618 1 40.448 31.1398 76.5423
98179 1 39.0034 32.3751 74.1329
88028 1 38.2047 31.2461 74.8375
98584 1 42.3408 31.0319 74.7939
96381 1 26.5946 16.9813 78.7044
97652 1 25.6914 18.1987 78.3884
96384 2 28.8553 17.2605 76.9495
96389 1 28.1565 17.4408 78.7998
96852 1 27.574 21.5951 79.0171
96621 1 28.5733 20.9147 77.2789
96618 1 27.7389 20.166 78.3293
96867 1 28.9989 22.5317 78.8359
96864 1 30.914 20.4065 77.9716
96862 1 29.7767 21.5576 77.8889
96628 1 32.2465 21.4244 77.6708
97137 1 30.2102 22.3338 76.656
96638 1 33.1496 22.1403 78.8314
97436 1 35.7263 21.5128 78.8329
96891 1 40.06 22.3558 78.2518
92405 1 25.5652 22.6694 77.7658
93008 1 24.9249 23.7327 78.7801
97684 1 27.1525 22.5681 77.8221
92606 1 28.2908 25.2978 77.9306
92394 1 28.4745 23.6732 77.8486
97430 1 30.7334 25.2904 77.1948
96887 1 31.574 22.6829 76.9854
97138 1 34.1981 23.8428 77.3079
97876 1 33.1645 23.635 78.5228
97415 1 36.792 22.6644 78.8637
97123 1 35.9401 25.1894 78.5543
97139 1 35.522 24.8534 77.1429
88581 1 40.829 23.5939 77.4691
96658 1 42.484 23.6726 76.8522
97178 1 42.7325 25.2924 76.9312
97114 1 26.2776 26.8373 77.5084
97421 1 32.2328 25.8377 77.0863
97161 1 29.6336 26.1916 77.8788
96868 1 34.6277 25.8376 79.0789
92607 1 33.8602 26.9639 78.1997
92594 1 32.407 26.6436 78.3997
98396 1 33.5961 27.6912 76.8039
92401 1 41.9995 27.8401 76.7435
97142 1 24.0399 28.683 78.3142
97417 1 22.6342 30.5192 78.3485
97391 1 21.6208 30.9858 77.1862
92580 1 26.4219 29.6622 77.8715
97679 1 25.0404 29.7307 78.9159
97400 1 25.5492 30.7901 77.1531
97420 1 31.671 28.2104 78.3296
97404 1 31.2014 28.9706 76.8885
88191 1 29.8491 29.8774 77.0107
92424 1 32.7315 29.2448 78.6019
93177 1 33.2793 29.2087 77.1603
93000 1 34.5492 30.024 77.2634
92790 1 38.0451 29.8908 76.8231
92791 1 24.0717 32.6447 78.1993
97387 1 21.9787 32.3588 76.9467
97396 1 22.5247 32.685 78.4019
97871 1 24.1083 32.9254 76.6764
97866 1 26.6226 31.9014 76.8572
92417 1 24.3243 31.0412 78.1905
97117 1 34.0494 31.4399 76.9645
97649 1 28.467 18.9853 79.1852
97181 1 37.4084 17.9376 79.2854
97456 1 39.6232 16.9596 79.3748
97150 1 38.3687 18.918 80.1401
96893 1 39.8123 18.5175 79.572
97442 1 34.4947 22.0376 79.6456
97451 1 36.2546 20.1287 79.3913
97153 1 37.9787 21.9914 79.7044
97445 1 37.8594 20.4225 79.5071
97131 1 31.1436 25.0285 79.9423
87821 1 30.1516 23.1564 79.7453
97127 1 34.7939 23.537 80.12
92620 1 33.6698 24.6546 79.6026
97672 1 36.1827 23.9364 79.5154
97152 1 39.2792 22.8031 79.5423
92193 1 32.3947 25.7588 79.6797
97906 1 22.1566 31.5663 79.4358
74765 2 22.5926 45.0059 59.2119
74796 2 36.8254 45.21 58.8271
79391 1 37.4542 44.9213 60.5742
79395 1 38.8951 44.5335 61.2657
79398 2 41.4229 45.5929 60.6168
83789 1 38.8858 46.6955 60.9713
79178 2 27.0884 43.2436 61.9588
83800 1 43.0795 43.0429 63.3164
79209 2 41.3688 43.7459 62.9183
83797 1 39.8239 45.7151 61.6558
79202 1 39.9898 46.0396 63.1968
83983 1 38.6185 45.7001 63.8453
84175 1 36.4047 46.7781 62.6791
84173 1 36.6026 48.3402 63.2586
79402 1 42.2678 47.1243 62.5139
79577 1 35.0853 50.3563 63.4797
88203 1 36.6977 41.797 66.0069
83792 1 38.9092 42.5063 64.6274
83984 1 40.1581 42.9284 65.391
83796 1 42.5818 42.4971 64.817
79211 1 41.2199 42.3294 64.2729
83990 1 42.8398 43.8281 65.7183
88780 1 36.3581 45.2639 66.0367
79397 1 36.8789 46.4176 65.1922
83782 1 37.2721 44.0851 66.3832
83989 1 40.356 44.6175 65.5808
83991 1 38.4156 46.4451 65.112
84180 1 39.2166 45.6086 66.1551
84188 1 42.3461 45.2352 65.0482
79394 1 40.9797 45.0773 64.1027
84164 1 32.9388 48.8549 66.37
84168 1 35.1798 48.9207 63.9424
84172 1 36.329 47.606 65.9341
83995 1 35.9297 48.9621 65.3749
84181 1 38.986 47.9276 65.0584
84178 1 37.9659 48.8154 64.0512
79587 1 42.2266 48.6523 64.363
93392 1 40.6175 47.9828 64.475
84167 1 33.7073 50.1182 65.8837
84165 1 32.9443 50.69 64.5363
84169 1 36.3922 50.8887 64.1477
88591 1 37.1681 49.8262 64.9129
84171 1 38.2012 50.7916 65.7498
84382 1 42.2852 50.3995 66.2547
88189 1 33.4099 35.221 68.6664
88019 1 37.3878 34.6411 67.8586
88014 1 38.9405 34.5598 67.7911
87833 1 41.4033 35.1504 68.7622
88186 1 31.5699 36.8691 68.8858
83595 1 36.0221 36.9844 68.4787
83798 1 43.2724 37.083 68.7328
83587 1 30.8153 39.6529 67.8635
97414 1 33.0079 39.636 68.6364
83777 1 33.4987 41.0327 68.2676
88396 1 42.9421 39.2136 66.7019
83801 1 41.0529 40.8232 67.0279
84162 1 31.9934 42.7115 66.8225
98347 1 32.454 43.4513 68.1106
93175 1 34.9609 43.2832 67.6251
98108 1 32.4561 42.0958 68.905
88397 1 36.5294 43.0313 67.1634
88776 1 37.1956 42.8498 68.6432
88574 1 38.781 41.7402 67.3045
83799 1 40.1858 42.0772 66.7233
88764 1 38.5769 41.9855 68.7383
88409 1 42.1556 41.5773 67.8812
88221 1 41.1027 42.7705 67.8218
99121 1 31.2719 44.3483 68.4472
93360 1 33.9578 45.5352 67.5965
88376 1 33.8108 44.2299 68.4045
88378 1 35.4656 45.8008 67.2706
83993 1 36.6162 46.1027 68.4725
83988 1 38.4197 44.7006 67.1022
84174 1 37.9009 45.2284 68.4952
88778 1 42.0582 44.0345 67.2226
88968 1 43.0709 44.4235 68.3541
88411 1 41.5763 45.3872 66.4673
83971 1 33.9647 47.9434 67.2956
88566 1 33.5822 46.8433 68.3466
88760 1 34.9369 47.0587 66.4088
88771 1 37.0188 47.6539 68.4253
84176 1 37.2894 48.1368 66.9996
83994 1 38.7915 48.4759 66.6775
84187 1 39.509 48.549 68.2608
83986 1 42.5199 46.5866 67.0627
83992 1 41.0036 48.9237 67.856
84179 1 34.9572 49.1786 67.9316
84356 1 33.5032 51.4572 66.9059
88963 1 32.7798 50.6996 68.0416
93543 1 34.2502 50.3783 68.6521
88763 1 34.8726 51.5515 67.7809
84170 1 35.159 49.7428 66.4173
88969 1 35.743 51.1102 66.6052
93759 1 37.2542 51.5962 66.6415
88794 1 39.149 49.9551 66.5634
84177 1 38.9554 50.8936 67.8605
88960 1 40.4057 51.4839 67.8929
83977 1 38.8284 49.8649 68.9429
84185 1 40.7941 50.2157 66.8564
89185 1 43.1137 50.8151 67.5384
87817 1 31.5136 34.3476 71.3987
92411 1 34.0706 35.6447 70.005
97418 1 34.3307 34.3492 70.9634
87823 1 36.6088 35.3334 70.2481
87813 1 36.7468 34.1391 69.1709
88005 1 35.4643 36.2708 69.7806
87829 1 39.8755 34.59 69.0532
97674 1 37.8944 36.2029 70.0584
88608 1 42.3136 34.4182 69.8651
88025 1 42.4714 35.4419 71.0695
97640 1 29.7275 38.3165 70.5171
92583 1 31.3305 38.5211 70.7886
92399 1 31.8283 37.0572 70.5437
88009 1 33.4101 36.924 70.7605
92590 1 34.167 38.269 70.2935
88385 1 37.4147 37.3818 69.0214
92776 1 36.9837 38.4369 70.047
93195 1 35.5474 37.6508 70.5148
88394 1 37.9259 38.4493 71.2459
92797 1 38.3006 36.9481 71.3908
83611 1 41.8021 36.8219 69.1562
88031 1 41.4182 36.6454 70.7172
88209 1 41.0537 38.3572 70.9837
93157 1 41.5654 38.4849 69.5035
88007 1 32.0552 39.637 69.9147
92591 1 30.8225 40.2137 69.2612
88003 1 34.3737 39.0157 68.995
88207 1 32.6211 40.7232 70.9014
88578 1 33.8245 39.4532 71.2818
83779 1 34.7158 41.4377 69.2634
88766 1 35.4095 40.1827 69.7331
88408 1 36.9079 39.8533 69.2236
93197 1 35.2974 39.927 71.3779
83996 1 39.5728 39.0568 71.0359
97174 1 38.2488 40.6745 69.6474
93002 1 39.6441 40.0028 69.808
83804 1 42.5504 40.803 69.3546
83790 1 40.8392 41.151 69.7343
88972 1 42.9455 39.2521 69.4515
92587 1 31.1959 41.8551 70.8256
93355 1 31.0119 41.7499 69.3419
88785 1 31.7295 43.2321 71.0831
88212 1 29.7035 42.0154 71.4269
92784 1 33.4231 41.9192 70.1643
92966 1 33.3213 43.1995 70.9872
89180 1 35.5889 42.7125 69.0278
98626 1 35.2656 43.6352 70.2175
92796 1 40.1718 42.4606 69.171
92989 1 28.5885 44.3356 71.2136
88383 1 31.1593 44.4705 70.0955
88374 1 29.8499 45.1495 70.6776
98858 1 32.2571 46.5125 69.0406
88598 1 32.3911 45.4945 70.2113
93567 1 33.8605 44.5541 70.0521
88964 1 34.7144 45.9489 70.4264
97680 1 36.5339 44.4771 70.4606
88573 1 36.1341 45.8222 69.9896
83985 1 37.6276 44.0331 69.4597
88377 1 34.3254 47.1686 69.657
93552 1 36.2127 48.8667 68.9679
84183 1 43.0705 46.6415 69.4198
84364 1 37.3481 50.0222 69.4422
89178 1 39.5827 50.8476 69.9641
84377 1 42.0414 49.1042 69.0819
88977 1 42.4445 50.6138 69.0174
97927 1 40.9631 51.4293 69.4105
88185 1 26.4694 36.22 73.6137
87999 1 29.3233 34.3484 73.2419
97428 1 30.7182 35.2175 72.5053
87827 1 33.0691 33.8746 71.8745
92626 1 36.7355 34.0095 72.5156
88017 1 35.918 34.93 71.5848
88197 1 36.1824 36.1883 72.4553
97692 1 37.7369 36.2595 72.6739
92812 1 39.1567 34.1158 71.7438
97440 1 38.1632 34.6159 72.8505
92628 1 42.0188 34.6669 72.3223
92762 2 22.6354 38.1032 73.4809
98348 1 29.2892 38.5418 73.145
92404 1 26.9486 37.6294 73.7006
93354 1 30.649 36.6348 71.876
93362 1 30.7083 37.8798 72.9625
92787 1 31.6197 38.8658 72.2636
92782 1 33.9467 37.3102 72.2142
88021 1 33.2221 38.7246 72.4613
97160 1 35.4884 37.4856 72.0366
97132 1 36.4188 38.8146 72.0806
97873 1 28.8973 40.0867 73.0569
88980 1 30.0407 40.7617 73.9208
92786 1 31.5441 40.9779 73.5014
88395 1 34.7421 40.5054 73.7161
93357 1 33.6901 39.3359 73.8235
93018 1 35.0239 41.14 72.3294
93145 1 25.0322 43.9944 73.3183
88387 1 29.4198 42.1015 73.9837
98341 1 27.8699 41.9487 74.0117
92969 1 27.4562 43.2912 73.2241
98104 1 28.7022 43.9917 72.7305
97179 1 31.8775 42.5362 73.5531
98600 1 31.1994 43.4718 72.5419
98107 1 29.8221 42.8826 72.6991
92600 1 34.083 42.5789 72.2476
92995 1 33.4159 42.7077 73.6353
98102 1 26.4639 44.3909 73.8397
93150 1 28.5723 45.2344 73.7555
88757 1 27.1141 45.7532 73.3355
93540 1 31.1604 44.7417 73.5305
83785 1 30.3436 46.163 71.7601
88384 1 31.9522 46.1888 71.5015
97888 1 30.0344 45.7727 73.2485
98123 1 26.7825 48.3029 73.905
93184 1 28.0378 48.8619 73.1972
97928 1 32.4874 51.6049 71.6523
97630 1 22.4232 36.38 75.9613
97626 1 22.0928 34.8437 76.5007
92589 1 24.8915 36.3203 74.0869
93350 1 24.5687 35.185 76.152
97401 1 27.0522 35.192 74.6902
98109 1 28.2421 34.0963 74.493
88219 1 38.5256 33.9186 74.2346
97634 1 23.9495 36.5993 76.4945
92418 1 22.6033 38.6871 76.2818
87993 1 23.8145 38.589 74.9188
92959 1 24.8537 37.4485 75.3359
97868 1 26.4675 38.2497 75.155
97867 1 23.4389 40.2132 75.0719
92588 1 26.4193 39.9568 74.7317
88200 1 32.6183 40.3427 74.4958
93155 1 22.7659 43.3032 74.6312
98100 1 23.9171 42.1443 74.3795
97860 1 22.6802 42.3356 76.1541
92777 1 23.9733 41.5707 75.8918
92962 1 26.0905 42.6384 75.3119
97874 1 25.1499 42.3776 76.4882
92768 1 27.0967 41.4894 75.36
92614 1 31.2797 43.5934 74.6629
88560 1 29.9527 43.0134 75.1252
88013 1 33.7825 41.479 74.4951
98338 1 22.5533 44.5412 75.7476
98336 1 25.2677 44.8294 76.0273
97704 1 26.515 44.167 75.3566
98099 1 24.2756 45.4212 74.8957
98139 1 26.9433 46.4086 75.6328
98582 1 27.893 45.1713 75.3124
93345 1 24.4057 47.0508 76.4891
98343 1 26.4918 46.8088 74.2358
93149 1 26.6245 48.7811 75.3887
98578 1 25.001 51.1895 74.8596
93548 1 26.43 51.4694 75.2597
99372 1 28.1222 51.2155 76.5558
93343 1 28.2646 50.195 74.1766
99099 1 27.3569 50.2228 75.4443
97629 1 22.2622 34.1705 78.7407
92976 1 23.526 34.3675 76.8181
97394 1 23.6489 34.851 78.3007
97633 1 24.9258 34.0105 78.3935
98349 1 25.7026 34.4368 76.9755
92960 1 23.6655 36.4984 78.0946
92974 1 22.1417 36.9436 78.6143
92766 1 21.7246 38.4592 78.9661
98115 1 23.033 43.6436 76.9588
98103 1 21.8791 43.9116 78.0079
98337 1 24.681 43.7342 77.0374
98331 1 25.7036 46.0874 76.6695
93561 1 23.6291 48.1765 77.4735
98575 1 24.8067 49.2168 77.4077
98596 1 24.4614 50.806 77.4437
99133 1 28.4776 51.0205 78.0504
98132 1 21.3427 51.5339 79.3247
79752 2 29.6455 52.1858 62.7342
79758 2 32.5781 51.9969 62.0252
84355 1 32.794 52.5972 66.0929
93557 1 39.6189 52.9394 65.8255
88970 1 36.6228 53.2465 67.9947
88772 1 35.3568 52.7686 68.6529
84363 1 37.2992 54.2464 68.9095
84589 1 37.8299 52.1671 68.0306
89176 1 39.1094 53.4257 68.155
88957 1 40.2287 52.8829 67.2445
88988 1 42.4805 53.6298 68.177
88791 1 41.3484 53.9394 67.1171
89179 1 37.2366 56.7018 68.7651
89175 1 39.5168 55.0517 68.2209
84579 1 37.8448 55.4175 68.0603
88767 1 40.4355 55.3576 67.0056
98409 1 43.1854 54.9481 68.6853
88382 1 31.6892 51.9227 70.2725
98583 1 34.5637 54.4201 71.4674
88373 1 37.2893 51.6391 69.4996
93797 1 35.8212 53.7153 70.8584
84182 1 35.8597 52.3246 70.0114
99130 1 38.5493 52.13 70.4298
84371 1 38.4656 53.6149 69.7366
83972 1 39.7292 53.0504 71.3016
93789 1 41.0293 52.7538 70.2928
88765 1 41.5246 53.9317 69.4813
98836 1 33.1696 54.7164 70.6678
84358 1 34.4688 56.383 69.1446
93358 1 36.0828 54.6001 69.6139
88769 1 36.0693 56.1069 69.7292
93351 1 36.5195 56.1615 71.1512
93767 1 39.057 54.6251 70.9837
89191 1 40.2229 55.8035 70.7713
93799 1 41.9244 56.2086 68.9732
89188 1 40.7211 55.2828 69.3939
88962 1 36.738 57.6192 71.4927
93535 1 26.2974 53.4637 73.3478
98820 1 24.7638 53.0826 73.2529
88587 1 28.2501 51.6948 73.6992
88570 1 31.7016 53.885 71.9539
88379 1 30.7151 52.6611 73.8262
88602 1 32.7114 52.9515 72.6065
98417 1 32.8207 53.7713 73.9922
88784 1 36.8932 54.0491 72.0838
93170 1 29.7351 54.7998 73.9135
93546 1 32.3383 55.5063 73.8442
99385 1 34.6543 56.9346 72.5286
93771 1 34.7921 57.1482 73.972
93773 1 36.0828 54.8269 73.2288
88774 1 35.3581 55.6556 72.0767
99116 1 37.7601 55.2849 71.6994
98379 1 37.0348 55.8051 73.9582
93778 1 38.1183 56.1339 72.9415
98860 1 41.5121 56.0015 71.86
89192 1 43.0626 55.5077 71.8099
93777 1 37.8066 57.5925 72.5955
99107 1 41.537 57.4276 72.5483
88393 1 29.5067 51.6562 75.858
98389 1 27.048 52.5115 74.3143
98586 1 27.3866 53.5667 75.3614
98829 1 28.9016 53.8777 74.9647
92819 1 29.3851 52.4249 74.5587
93563 1 26.9367 52.3634 76.4824
88983 1 31.7998 53.045 74.9035
88413 1 31.4671 54.264 75.7558
99076 1 25.1619 55.2376 75.8885
98826 1 26.6334 54.9994 75.225
99083 1 26.6377 57.1221 76.4349
99095 1 29.1676 54.4557 76.4285
88404 1 33.5242 56.9901 75.7253
92965 1 34.1018 54.971 75.8302
89170 1 33.8432 55.9446 74.6612
92800 1 32.6865 54.9714 76.5194
99111 1 34.9084 57.2334 76.5368
88600 1 36.3028 57.2292 74.4062
99078 1 25.4379 58.13 76.1427
99370 1 35.9809 59.2355 75.6782
98602 1 36.2701 57.772 75.8909
93798 1 43.2941 58.8165 74.0478
93776 1 37.4246 60.2257 75.2713
99393 1 39.4319 61.682 75.0058
99391 1 39.6189 60.8948 76.4261
93791 1 41.9066 61.0549 74.2552
93356 1 22.8861 51.7863 78.9983
93158 1 23.5129 53.2493 78.8567
98606 1 22.4474 54.2679 78.2696
98609 1 25.5341 52.0825 77.5377
98848 1 24.7034 53.4381 77.8352
93775 1 29.8116 51.8482 78.278
93368 1 30.3963 52.3464 76.9055
98133 1 30.5034 53.8824 76.8333
92601 1 25.6205 56.107 77.1582
98113 1 24.2773 56.8155 77.7576
99096 1 28.994 56.9803 77.5413
93560 1 31.3759 57.2488 78.7791
93806 1 32.7327 57.1295 78.1548
98608 1 32.416 56.5526 76.7434
93765 1 34.9873 55.7515 76.8681
99091 1 23.9132 59.4099 78.581
99072 1 22.4592 59.5261 78.0039
99079 1 24.5517 57.9147 79.0018
93564 1 26.7594 59.7619 78.8253
99084 1 27.2246 59.3302 77.5411
99120 1 30.3642 59.3347 77.7082
83979 1 30.4344 57.8082 77.6852
98852 1 33.3316 58.579 77.8419
93389 1 34.8 58.3965 77.6236
93766 1 37.4994 58.1631 76.8156
88576 1 35.5584 59.747 77.0831
93781 1 37.2167 59.6169 77.4589
99340 1 21.8581 60.977 77.9226
93169 1 25.8616 60.9918 78.4021
99599 1 27.4944 62.8631 78.563
99386 1 28.6579 61.5247 78.5533
99360 1 28.2544 60.4945 77.2764
99389 1 37.8072 62.2874 77.2328
99135 1 38.2278 61.9445 78.7344
99161 1 39.8143 61.7401 78.8238
98629 1 40.4604 61.8926 77.3371
88580 1 38.0435 60.8192 76.6368
93590 1 42.1564 61.8539 77.3487
93796 1 42.9953 60.4799 77.6174
98909 1 42.7123 62.7671 78.6069
99595 1 26.2881 65.2956 77.892
99598 1 27.6512 64.5039 78.0297
99628 1 40.2214 65.6237 78.4572
99406 1 38.6516 63.6659 77.3254
99155 1 41.5509 63.617 79.1067
99634 1 40.9408 64.3252 77.9247
99585 1 23.492 66.0673 77.5736
99828 1 24.6697 67.2272 77.576
98639 1 34.3598 66.9675 78.4569
99854 1 32.8866 67.6229 78.7198
99858 1 35.5649 67.9934 77.6288
99860 2 36.543 66.4532 76.8552
99869 2 39.7823 66.8634 76.9806
99392 1 42.4508 66.0415 78.0489
99094 1 24.7614 57.0186 80.3622
98859 1 25.7368 59.6576 80.8634
88973 1 26.2842 57.5788 80.6538
88389 1 25.9046 58.6945 79.5935
99390 1 25.7263 61.6257 79.7695
93554 1 27.3365 62.3889 81.1108
99077 1 27.9426 60.3904 79.6496
98610 1 26.8678 60.8776 80.7433
88792 1 32.7196 61.5783 79.8333
98862 1 40.4234 62.7854 79.8098
99075 1 26.5649 62.925 79.8731
88569 1 31.1826 63.4525 79.6044
93156 1 32.5574 63.0853 80.1845
99382 1 33.6363 63.9176 79.4147
99396 1 41.9068 64.7691 80.0587
99400 1 41.4792 66.0169 79.2125
98408 1 24.3794 57.9035 81.6802
98868 1 25.841 58.4712 81.8185
99824 1 23.4527 69.7095 77.6006
100067 1 24.5685 70.87 77.6125
99109 1 32.1785 70.8677 78.7735
99125 1 37.0645 71.142 78.9342
99864 1 37.0343 68.9829 77.5333
98615 1 38.7156 71.3295 78.7355
100057 1 21.6022 71.6365 77.6093
100063 1 22.787 72.7158 77.5742
98367 1 31.2755 73.7722 78.4671
100097 1 36.1018 71.4613 77.5417
100103 1 37.1154 72.7775 77.3862
93566 1 36.8882 73.9603 78.4564
99113 1 40.7895 72.8556 78.7953
93382 1 38.3192 74.6024 78.7592
100556 1 28.8005 78.6991 77.5537
100562 1 30.0149 79.8702 77.4752
97916 1 23.4301 80.5898 78.8284
93779 1 24.7341 81.6289 78.9487
98855 1 27.5061 84.5623 78.4388
100076 1 38.8412 73.7867 79.9311
98375 1 39.47 72.4831 79.528
92982 1 57.8628 4.64781 78.4432
95515 1 64.3047 3.80674 77.5957
95949 1 44.7935 9.24846 77.4167
95954 1 45.8694 10.4479 77.443
97932 1 52.472 9.95121 78.3964
93173 1 44.8178 13.4135 78.3319
96196 1 48.0709 12.652 77.646
97892 1 49.0212 13.6324 78.425
97466 1 43.5423 14.3032 78.5768
97912 1 43.7701 15.7911 78.765
92419 1 54.0834 15.2408 78.3939
87839 1 44.5863 33.2733 70.6584
88210 1 43.4464 32.6643 71.5278
92427 1 43.8868 31.5275 72.3619
87831 1 44.4008 31.8321 73.7858
97467 1 45.9176 32.2182 73.8794
92431 1 46.7878 31.1217 73.1601
93189 1 46.0788 33.5855 73.0546
92430 1 46.8195 32.9967 71.7365
92445 1 49.785 31.542 73.3168
92444 1 51.3004 31.601 73.466
92642 1 52.6529 33.5959 72.4153
96903 1 44.8274 23.5324 75.5002
96904 1 45.2207 24.9904 75.5159
96910 1 47.0381 24.1626 76.4594
96928 2 53.231 23.6058 75.9973
97941 1 45.1121 27.8355 74.621
97696 1 43.9664 25.8555 75.9531
92433 1 46.342 27.1239 75.5733
98863 1 48.5791 27.6637 76.077
97205 1 51.7486 27.2334 75.3156
97182 1 44.3643 30.1075 75.8088
97190 1 43.973 28.718 75.325
92428 1 45.9115 30.2311 76.0428
98161 1 47.2167 28.3551 75.8247
97963 1 46.8019 29.5003 74.8759
92815 1 50.1683 30.7747 75.7802
92449 1 50.6142 29.4703 74.9528
97199 1 51.0129 28.3891 76.0057
97212 1 53.7299 28.3512 76.4322
97207 1 52.9958 30.427 75.3403
92197 1 43.7809 31.2974 75.0785
98148 1 49.0014 31.2886 74.6878
98182 1 50.9202 32.3348 75.674
92634 1 52.132 32.5423 76.5713
97470 1 51.8678 32.5375 74.485
97460 1 49.3564 18.8513 78.7149
97477 1 50.8255 19.2759 78.898
96925 1 53.7969 19.4468 78.4957
96479 1 63.048 16.8968 78.5463
97157 1 44.7471 21.7797 77.6436
92617 1 48.5584 20.0998 78.3142
97448 1 46.9432 22.5037 78.2474
97186 1 49.9056 21.7802 78.9538
97204 1 52.4895 20.5485 78.4423
96917 1 44.9371 24.4219 77.8678
97659 1 44.1169 23.329 76.9791
97164 1 45.8927 23.5719 78.9495
92808 1 45.9327 25.067 76.865
97936 1 48.7181 24.2439 78.3076
97187 1 50.0529 23.4546 78.7178
97703 1 52.2105 24.7468 78.1875
97729 1 53.8364 24.5446 77.6086
96901 1 43.8368 25.6742 78.0587
97457 1 44.3753 27.0654 77.208
97475 1 45.8232 27.7213 77.8069
97191 1 46.5319 26.5704 77.0031
97444 1 48.4969 27.3146 78.6078
93005 1 48.1209 26.6315 77.2187
97958 1 49.9412 27.7669 76.8595
97699 1 50.3931 26.2836 77.0682
93209 1 51.3524 26.0997 78.1929
97202 1 53.6074 27.3001 77.584
97708 1 52.1356 27.5683 78.1366
97215 1 55.8849 27.5168 78.3991
97481 1 54.4393 27.7896 78.7615
97217 1 55.9784 26.3099 77.3246
97208 1 54.4094 25.9588 77.118
93366 1 63.2953 28.0433 78.4948
92189 1 43.3916 28.3001 76.7863
97177 1 43.3822 29.9553 77.0092
88588 1 47.6407 29.5864 78.0754
88196 1 47.2064 28.2124 78.8924
98169 1 46.5361 29.0083 77.0349
96894 1 49.7501 28.2178 78.322
97705 1 49.3715 29.6257 78.1804
98153 1 50.7271 30.3949 77.3828
98201 1 51.6413 29.0386 77.2485
97472 1 52.9753 29.6331 76.7985
97209 1 53.7576 30.3824 77.9359
92840 1 54.3505 29.3306 79.066
97222 1 56.3734 28.9807 78.0079
97960 1 55.1583 30.837 77.619
97480 1 57.8414 29.0009 77.977
97203 1 51.7012 31.6756 77.8392
97957 1 53.0694 31.661 78.4913
92632 1 54.1733 32.8306 77.9818
97722 1 55.8778 31.0379 79.0024
97934 1 57.0853 32.1394 78.8902
97728 1 62.7777 31.6119 78.2147
97458 1 45.0139 22.2024 79.1702
97693 1 51.0852 20.7437 79.4635
99127 1 47.364 24.4864 79.3246
92435 1 50.6615 24.4309 79.8914
97713 1 52.2018 24.3152 79.6504
92432 1 50.436 25.869 79.4685
92447 1 55.8747 29.5251 79.3503
93007 1 58.6532 32.3634 79.2616
97725 1 60.9325 33.4999 79.3483
83805 1 44.2703 44.0502 63.475
79406 1 44.2782 45.5384 63.461
83803 1 43.7977 40.5611 66.4004
83807 1 45.0036 43.5737 64.6751
83809 1 44.3531 43.9824 65.9828
84000 1 43.5071 46.22 64.5871
84190 1 45.0775 45.5404 66.2826
88032 1 45.0411 35.0335 68.9075
88577 1 43.5318 38.6321 68.1299
83619 1 45.0851 38.8153 68.0197
88233 1 45.9672 37.4958 68.5202
83812 1 45.3876 40.2955 68.7247
88227 1 44.1239 41.3101 68.8584
92820 1 47.8537 40.8486 68.1114
88585 1 47.7972 39.3363 68.6709
88418 1 49.3768 41.4224 68.2255
83806 1 43.7131 41.7002 67.3826
88419 1 44.7193 42.9548 67.0848
88216 1 44.5142 43.6868 68.3459
88225 1 46.4866 41.5004 68.25
88612 1 46.2839 42.6393 67.0241
84003 1 43.4199 45.9099 68.1647
88401 1 44.9205 45.9898 67.7394
98873 1 45.5541 44.8574 68.5035
88421 1 47.2087 44.0579 66.8017
88610 1 47.1567 44.6393 68.2594
84004 1 48.0803 45.9554 68.8408
84186 1 43.4875 47.723 66.4846
84184 1 44.1746 48.2891 67.6726
83987 1 45.4312 47.4086 67.8393
88594 1 44.4923 49.8026 67.7181
92439 1 43.9534 35.9839 71.146
92630 1 45.0229 34.6185 71.1768
88400 1 43.9283 33.8881 69.4186
88036 1 46.4984 34.8153 70.5345
88052 1 54.3317 34.6401 70.7794
88226 1 45.4784 36.5143 69.5559
92770 1 44.1677 37.1021 70.0187
88020 1 44.2289 38.6524 70.4597
92624 1 46.6927 36.4061 70.8833
88222 1 46.808 38.3903 69.3713
92622 1 47.6848 37.4897 70.2444
88232 1 48.9667 38.1699 70.9419
98421 1 52.2642 38.0688 71.3426
88217 1 45.6858 39.3479 70.0995
88231 1 47.9691 40.1753 70.1246
88415 1 46.9947 39.5043 71.1416
88420 1 49.2841 39.7759 70.9138
88611 1 50.6159 40.8289 70.3976
84006 1 44.6612 42.6206 69.4685
88033 1 47.1699 41.6241 70.4775
83982 1 46.2415 42.3969 69.4645
88023 1 46.9464 43.7687 69.6682
92437 1 48.0428 43.7271 70.7399
88423 1 49.4186 43.5804 70.0525
88422 1 50.1481 42.0999 69.4402
93211 1 50.1587 43.9401 71.3101
88410 1 45.9067 44.9566 70.0459
99387 1 46.7955 46.2322 69.8718
93370 1 47.6197 46.4689 71.0979
89001 1 49.449 44.9776 69.1225
88617 1 50.6775 45.8635 69.6656
93547 1 51.6145 44.0415 70.9018
88416 1 51.7103 45.4858 70.9753
84374 1 43.3197 48.1328 69.0277
88607 1 44.6711 48.5172 69.8254
84379 1 45.9304 47.6683 69.2882
93200 1 44.5406 48.6288 71.3323
89209 1 47.2385 48.5412 69.4086
88412 1 48.4608 47.5467 69.3617
88606 1 50.3525 47.0571 70.5893
88582 1 48.9173 47.4233 70.7863
84380 1 44.9003 50.0279 69.2691
93562 1 43.7258 50.7396 69.9498
88779 1 43.9501 50.191 71.3699
89205 1 46.9578 51.4684 69.6005
99142 1 46.0799 50.4284 70.4311
93804 1 46.9222 49.2247 70.8658
98129 1 48.7605 50.8627 70.9456
88034 1 44.6699 34.2209 72.6247
98173 1 44.3416 35.4617 73.4542
97706 1 47.9256 36.0781 72.0154
97455 1 46.9705 36.1003 73.1984
88029 1 46.6335 34.7113 73.9466
97478 1 50.9229 34.8032 72.9978
97714 1 52.1025 33.9499 73.8753
92647 1 55.1787 36.3006 72.002
92611 1 44.4011 36.6372 72.4991
97468 1 45.9396 36.8518 72.2715
88049 1 52.7482 36.4122 71.8007
92828 1 53.925 36.4947 72.8358
92643 1 54.1618 38.0479 73.2464
93022 1 55.4588 37.7408 74.034
97471 1 47.3568 40.369 72.4588
93014 1 48.8878 39.9974 72.4572
93181 1 49.9788 40.879 72.9882
92631 1 46.944 41.795 71.9758
92792 1 47.8942 42.9547 72.2361
93020 1 50.9706 41.4739 71.7415
88424 1 50.2841 42.8364 72.3037
97946 1 49.0991 42.2583 73.1665
99412 1 52.2757 43.5851 72.1396
92999 1 51.317 43.2799 73.2776
93584 1 52.0577 41.9657 73.8633
83814 1 48.1108 45.0637 71.511
92827 1 47.3331 44.4201 72.7298
88995 1 48.0661 45.3555 73.8362
93793 1 49.5952 45.1751 72.0324
88770 1 50.6674 46.1764 71.7353
93577 1 49.6229 45.2949 73.5438
88614 1 53.0381 45.7859 71.7661
98193 1 54.5535 44.2934 73.4197
97719 1 54.7729 45.7053 73.7649
99100 1 46.0603 48.4772 71.8877
88218 1 46.6568 47.0356 72.2002
93024 1 47.3656 46.7871 73.523
92826 1 48.1009 48.1454 73.976
88981 1 49.3548 48.6963 71.6347
92996 1 50.3429 48.3433 72.8784
93019 1 51.1373 47.0012 72.8587
88613 1 52.7114 46.9363 73.0336
92822 1 52.7512 48.4047 73.8441
93396 1 45.2872 51.0058 71.6015
93192 1 45.8004 50.8051 73.05
99137 1 47.7025 49.5384 73.3363
88979 1 48.1162 49.5952 71.7931
88768 1 46.1431 49.3477 73.1831
93807 1 51.4514 49.1814 73.437
88808 1 51.9348 49.9554 72.3136
88223 1 52.9203 50.6817 73.2305
93212 1 54.0196 49.4574 73.6711
93182 1 45.4234 35.4277 74.5589
92834 1 52.5656 34.1156 76.4408
88041 1 52.8758 34.7511 74.9535
92637 1 54.1815 35.576 74.2433
97462 1 54.9801 36.8251 75.1412
93030 1 56.9936 38.1294 76.3869
92806 1 50.9213 40.967 74.3023
98419 1 56.6533 40.8139 75.9309
98203 1 57.0165 39.3105 75.3662
88986 1 50.1821 41.6178 75.4556
99128 1 50.8049 43.0692 76.143
88971 1 49.7975 43.7627 75.1989
93785 1 49.1347 42.4749 74.6959
88205 1 52.1769 43.799 75.7798
98151 1 52.8173 42.6185 75.0198
93802 1 54.1483 43.151 74.4692
93397 1 55.1845 42.9487 75.5681
97952 1 56.0435 41.8311 74.9531
93213 1 57.6849 43.5696 75.1989
98447 1 58.7038 42.5307 75.8838
93601 1 59.8721 43.4939 76.5492
98206 1 59.5202 41.7586 74.833
93589 1 60.4611 43.8557 75.2076
98444 1 61.9434 43.8627 75.3391
93571 1 50.7283 44.4124 74.1648
88798 1 51.9971 45.15 74.8518
88993 1 53.2805 46.0254 74.2005
93405 1 51.3867 46.5292 75.24
92639 1 55.8371 45.5829 75.0169
92832 1 56.2305 44.1142 75.7443
97644 1 58.4105 45.0032 75.4121
93205 1 59.5759 44.8911 74.4546
93387 1 50.3323 46.6076 74.0486
88801 1 49.5671 47.9768 74.1816
93009 1 52.5201 47.8163 75.263
99180 1 53.7154 46.8133 75.4736
98171 1 55.3147 46.8929 75.7586
98850 1 56.0348 48.0953 75.0075
88805 1 57.5549 48.1084 75.5205
98680 1 60.647 48.1908 75.8812
93579 1 55.0745 49.951 76.4412
97918 1 55.2964 49.5579 74.8894
98906 1 54.9594 51.4828 76.3694
93029 1 56.1576 50.7976 74.3544
98903 1 58.0832 50.5079 75.6663
98668 1 57.6189 50.4348 74.2154
93201 1 57.6565 49.2735 76.4963
93414 1 59.5282 50.4013 75.792
92641 1 53.7216 34.2524 77.432
92649 1 55.7648 35.9167 77.2433
98163 1 58.3578 36.1261 78.2947
98674 1 60.771 35.89 78.9045
97954 1 63.0244 34.724 78.4021
97726 1 58.0938 38.7621 77.4501
98188 1 58.9046 37.8154 78.3638
98185 1 61.5161 37.2673 78.8206
98199 1 60.4661 38.2763 78.2097
98665 1 58.0076 41.353 76.7124
88603 1 58.8015 39.957 76.6595
97956 1 60.3452 40.0229 76.681
98136 1 61.3694 40.5209 77.7368
97966 1 61.3409 39.5013 78.9401
92839 1 62.9605 39.2862 79.0719
93010 1 63.3318 40.7889 78.5264
98207 1 61.3367 42.9865 77.1569
93415 1 61.1514 41.9321 78.2756
98659 1 64.2651 43.3115 77.6156
93408 1 59.1092 44.8574 76.8551
98915 1 60.9598 45.9142 78.426
97944 1 60.1718 46.0037 77.1278
98215 1 62.7621 44.0799 77.0207
98455 1 62.4835 45.3011 78.0866
98683 1 58.9069 48.9922 77.4786
93217 1 58.44 48.867 78.9342
99175 1 60.7353 47.5479 78.5865
93221 1 59.8399 47.649 77.1336
98202 1 62.2122 48.3408 78.6584
88989 1 56.3859 49.728 77.2975
99119 1 56.8018 51.0122 78.1829
93215 1 59.89 50.2123 77.2519
98890 1 61.975 51.4853 78.9161
88204 1 61.7409 34.8643 79.4074
83998 1 59.29 35.4197 79.387
98653 1 63.9934 39.123 80.3308
98426 1 62.9276 43.1708 79.6721
97967 1 62.2571 41.7954 79.2541
98217 1 64.3091 42.8335 79.1321
98456 1 62.952 44.7756 79.5149
98919 1 59.8062 48.3072 79.645
98450 1 63.8909 48.1117 79.2672
93166 1 58.7293 51.0704 80.1722
98685 1 57.6649 50.1864 79.336
97408 1 60.6305 49.3625 80.3394
99160 1 59.7668 50.3831 81.1171
98928 1 64.027 50.7882 79.7575
93583 1 61.8571 49.7854 79.4485
97646 1 63.2138 49.5228 80.1069
99405 1 43.5079 52.4432 67.3358
89197 1 44.5539 55.5676 68.2113
88967 1 44.334 52.1092 69.7104
89207 1 44.867 52.4125 71.1582
88417 1 45.9853 53.5135 70.9001
88998 1 47.2419 52.8156 70.1327
93016 1 48.52 52.6135 71.1634
98383 1 43.5731 55.0286 70.3094
99640 1 45.2555 54.7973 70.3188
97665 1 45.4266 56.0931 71.3332
89193 2 47.8885 55.2026 70.7596
99152 1 48.5241 56.6686 71.4395
88579 1 48.0015 53.3096 72.5359
99157 1 46.8762 54.1443 71.9806
93598 1 50.4106 53.5806 73.3118
93594 1 52.622 54.3215 73.1657
99140 1 49.0107 54.5149 73.4421
94014 1 49.1277 56.1665 72.7669
93809 1 50.6291 55.7689 72.4964
98377 1 51.2353 54.915 73.644
93372 1 44.2178 57.516 73.6673
92998 1 52.2098 53.907 75.6589
92993 1 53.3072 53.6863 74.529
93606 1 56.0257 53.5216 75.4757
99173 1 56.1104 51.9493 75.4144
98902 1 54.6736 54.3415 75.2906
93220 1 57.6728 51.9762 76.0007
93787 1 44.36 56.8078 75.139
99417 1 47.492 56.5624 75.5165
98905 1 49.4733 54.8974 75.1255
99422 1 49.0341 56.2355 75.7666
99103 1 51.1769 54.9413 75.132
93574 1 51.8686 56.2455 75.5271
93820 1 53.249 57.0702 75.2658
93824 1 55.1106 55.6753 74.7307
99179 1 54.6209 56.7352 75.7308
98181 1 56.6361 55.7639 74.9917
88783 1 43.9382 59.8793 75.0125
93768 1 45.0865 57.6437 76.3562
99145 1 46.08 58.5048 75.7092
93780 1 46.4383 59.7856 76.5289
88987 1 47.1789 57.6246 76.5398
93559 1 49.5933 57.4824 74.9468
99409 1 49.3891 58.7308 75.7383
88201 1 50.8608 59.3883 75.9616
99169 1 51.0642 57.4702 75.0162
99174 1 53.1567 59.3728 76.1696
99432 1 52.8169 57.9513 76.4573
88595 1 51.3338 58.0584 76.4524
99183 1 55.5752 58.0009 76.1392
93384 1 45.4407 61.0035 76.5746
93800 1 44.0617 60.0919 76.5295
99407 1 47.6691 60.4002 75.7977
99429 1 50.6872 61.4905 76.2049
88605 1 55.4858 52.0463 77.6822
93792 1 55.8093 53.5701 77.1758
93412 1 57.8158 52.1305 77.487
98670 1 57.2941 53.6957 77.7401
98646 1 59.3184 51.8342 77.7729
93385 1 60.8491 53.7809 78.5585
98673 1 60.1355 53.1183 77.2876
98682 1 63.9974 53.1443 78.855
88597 1 46.0792 56.9189 77.4694
97709 1 46.9841 55.8616 78.3672
93011 1 48.3516 55.2217 77.9609
93814 1 49.4462 56.2235 77.357
93812 1 51.034 55.9739 78.0697
92825 1 52.8376 54.4386 77.059
92613 1 53.2745 56.8732 77.561
88381 1 52.211 55.881 77.121
99181 1 54.4763 54.6183 76.8729
98870 1 54.6995 56.2002 77.1846
93163 1 56.3084 56.9769 77.1457
99184 1 58.1515 54.9638 77.2683
98679 1 58.7628 55.8535 78.4919
99112 1 60.2255 56.5849 78.584
99190 1 61.4077 55.2589 78.7164
88775 1 45.6187 57.6571 78.873
99149 1 44.3365 58.7329 77.2116
93786 1 45.1295 59.1352 78.4939
99397 1 46.5453 59.6122 78.0657
99395 1 47.8345 59.4276 79.0337
98886 1 48.516 58.4144 76.8723
99185 1 50.5902 58.2595 78.0715
93187 1 48.6855 59.6854 77.748
88609 1 49.19 57.5774 77.9
99415 1 50.1306 59.8027 78.2543
88391 1 51.3855 57.3137 79.0227
93176 1 52.9135 57.6658 78.8337
88590 1 53.1667 59.256 78.5938
99176 1 52.5082 60.0526 77.3406
98894 1 56.1637 59.3049 78.5276
99171 1 54.6265 59.7963 78.1232
88797 1 57.1998 57.9178 78.1073
98896 1 59.1585 59.4774 78.4023
92773 1 63.7568 57.3634 78.7696
99192 1 62.4711 58.2721 78.8661
98398 1 44.2772 60.6017 78.7276
88777 1 45.3377 61.5879 77.9861
98893 1 47.6871 62.0362 79.0219
99168 1 46.7709 61.1182 78.179
99164 1 48.0591 60.969 77.1912
98624 1 50.0169 62.1762 78.6415
99425 1 50.9972 60.3098 77.1381
99154 1 51.7468 62.0059 78.3369
99136 1 54.1436 61.3727 78.2111
93593 1 57.9079 60.627 78.6686
98879 1 58.1785 62.2894 78.744
99380 1 43.841 63.7128 78.1512
99150 1 49.2415 64.6272 79.0636
99430 1 51.783 63.4703 78.0032
98634 1 53.5052 64.9742 78.7428
98882 1 55.5492 63.4475 78.6948
99403 1 55.0062 65.102 78.5985
99159 1 57.1123 63.5994 78.7523
99688 1 60.16 63.6767 77.4837
98638 1 52.4447 66.2246 78.6001
98425 1 60.9606 52.5889 79.5931
98676 1 59.5517 51.9848 79.2601
88213 1 63.1974 52.0033 79.6521
93592 1 47.0243 57.0419 79.4528
99197 1 58.0254 57.1291 79.1669
98635 1 48.2837 57.9316 79.2419
93160 1 59.3811 57.9937 79.3417
99172 1 46.3038 61.3558 81.2168
99162 1 47.751 60.9224 81.282
98418 1 48.3194 60.8079 79.8413
98892 1 51.0217 61.0434 80.4817
93179 1 49.8694 60.8853 79.4265
97689 1 52.2044 61.858 79.8283
99410 1 56.8984 60.1029 79.7171
99660 1 47.6234 64.5094 79.4304
92781 1 46.7346 63.1359 79.4808
98395 1 46.2723 62.942 80.9174
99123 1 50.0157 63.4083 79.5782
99156 1 53.6358 64.1462 80.1322
88982 1 51.3508 64.0647 79.3834
98913 1 52.3026 63.3314 80.3442
99420 1 51.2616 65.6823 79.6348
93199 1 54.8597 63.1452 80.039
99139 1 49.6775 66.0476 79.5059
100167 1 59.4756 70.3268 78.4512
100606 1 46.515 78.7824 77.4643
100626 1 53.7258 78.8598 77.5851
98449 1 60.5998 78.5041 78.9545
100612 1 47.5968 79.9014 77.4978
97921 1 55.9509 81.3787 78.3869
100891 1 48.3123 84.0748 77.4532
95465 1 49.3836 85.1842 77.4422
93400 1 55.6237 83.0477 78.7857
97947 1 56.9976 83.9805 78.8101
100930 1 58.0376 83.2892 77.6591
77877 2 65.2833 16.5394 62.9444
95532 1 69.6269 2.03566 77.5399
95573 1 82.1303 0.222094 77.6189
95580 1 83.2888 1.34545 77.6906
95770 1 65.4501 5.00434 77.5772
95527 1 67.2072 3.22712 77.5154
88390 1 81.8864 3.4943 79.1258
95298 1 85.477 3.53792 77.6797
96029 1 71.7713 10.857 79.0315
96054 1 81.5324 10.3736 77.5452
96049 1 80.3993 9.11012 77.5653
96252 1 67.0873 13.9486 77.6419
96246 1 66.0312 12.7842 77.5444
93573 1 72.6295 12.2052 78.9477
98407 1 78.0897 13.2608 78.6416
96286 1 79.9058 12.3829 77.5196
96044 1 78.5458 11.866 78.0661
98875 1 71.7385 22.1626 78.4885
96758 1 78.4691 21.6721 77.5718
96989 1 76.205 22.8402 77.5396
97000 1 79.6698 22.8231 77.5365
96995 1 78.5197 25.1652 77.478
97306 1 79.7123 26.3486 77.5025
97531 1 73.2716 30.569 77.6563
97313 1 82.1289 28.7637 77.5134
97560 1 83.2645 29.9811 77.5568
97516 1 67.4643 32.1923 77.6348
97536 1 74.496 31.7739 77.6194
74891 2 79.6892 44.9706 59.2873
88280 2 72.3491 37.9813 69.9331
88286 2 75.1589 37.8293 69.0806
98011 2 75.1029 37.8985 76.1883
97774 1 74.9185 35.9055 77.7205
97778 1 76.8081 34.1113 77.5082
97784 1 77.9105 35.2635 77.5029
98003 2 72.1383 38.2193 77.0963
98014 1 76.0328 36.9777 77.551
98191 1 64.7619 41.3751 78.8208
98664 1 66.9385 41.0743 78.9543
93578 1 68.125 40.1348 78.5104
98655 1 71.5224 39.8443 77.834
98175 1 67.4143 42.5728 79.0248
98411 1 69.8994 41.98 78.529
98205 1 73.5856 42.0668 78.5263
98118 1 75.7018 43.8627 78.5186
98888 1 66.7011 46.0433 78.926
98428 1 65.2465 45.7039 78.584
98460 1 65.5807 44.2399 77.808
98422 1 68.6845 44.3538 79.0666
98439 1 70.4542 45.5447 78.6283
97474 1 64.5434 47.0053 78.1054
98177 1 66.6427 48.762 78.257
98429 1 67.9707 47.7551 78.3644
97639 1 65.2603 49.1874 79.1224
97943 1 64.6657 50.4194 78.3982
97972 1 65.1375 43.6757 80.1006
98187 1 66.3248 43.7266 79.2028
98002 1 68.9569 42.8685 79.3735
97715 1 69.5024 43.0388 80.8867
98195 1 64.492 45.1443 79.8195
98435 1 69.4135 45.3871 79.946
98669 1 67.2675 44.8296 79.4835
98643 1 70.2752 44.4078 80.743
98166 1 71.4284 44.7909 79.7128
80643 2 65.262 66.3157 62.8828
80650 2 68.1086 66.3728 61.9922
93208 1 65.5406 52.6922 78.8497
99221 1 66.4565 53.9551 78.5763
99216 1 66.3123 58.9143 77.526
99228 1 69.6778 59.1661 77.5175
98427 1 73.7798 59.6944 78.4548
99476 1 69.5506 62.5389 77.5084
99470 1 67.3211 60.2484 77.5546
99480 1 70.8161 60.3428 77.4695
99486 1 73.1393 62.6394 77.5304
99496 1 76.0153 61.8933 77.608
98642 1 65.2851 64.6598 78.347
98149 1 66.3768 63.463 78.3057
99714 1 68.8255 65.3945 77.5672
99718 1 70.7228 63.6896 77.5568
99728 1 74.3772 63.7883 77.5451
99738 1 78.232 64.0828 77.6389
99947 1 67.0859 67.1883 77.5174
99734 1 76.9458 66.1458 77.3904
99977 1 77.9877 67.3753 77.4969
98111 1 83.0363 68.2874 78.3506
98369 1 84.1134 67.1391 78.4662
81055 2 79.6939 73.4681 62.9191
98605 1 81.1393 70.5011 78.5143
100193 1 69.6076 73.3415 77.5946
100437 1 70.7957 74.4575 77.6285
100473 1 83.8492 77.028 77.7139
93021 1 66.8103 77.7272 78.4708
100672 1 68.916 79.7704 77.6012
100706 1 82.0892 78.8225 77.6491
100662 1 66.0524 80.5262 77.5199
100962 1 67.2019 81.6319 77.5951
100702 1 80.3104 80.5525 77.5566
101014 1 81.499 81.678 77.573
101008 1 79.7382 83.449 77.5041
