91167 2 15.4781 9.38702 73.6176
91517 2 1.17075 16.4805 73.6322
95881 2 20.2434 8.1571 77.1717
96317 2 6.05578 15.1118 77.0547
96316 2 5.11945 17.8043 76.1716
92747 2 15.5483 37.8249 73.5829
93113 2 8.29523 44.9404 73.5378
97623 2 19.5471 35.7357 75.9176
97857 2 19.5365 39.4563 76.0328
98077 2 12.6399 42.9516 76.224
97833 2 11.327 38.476 76.9934
75756 2 15.4031 66.3707 59.3253
80354 2 19.8678 64.5229 61.9759
89323 2 3.99817 59.2279 69.152
93696 2 8.33089 59.2344 73.5219
99315 2 12.2932 60.5303 76.1575
99039 2 13.2538 57.8773 77.1189
76521 2 15.4407 80.6188 59.3641
81114 2 19.8663 78.8444 62.0383
85294 2 1.25795 73.4655 66.597
90096 2 8.37285 73.5095 70.1831
90103 2 11.1559 73.5258 69.2561
94887 2 8.34771 80.6344 73.719
100515 2 13.4511 79.3838 77.3382
91214 2 36.7137 9.31 73.4644
95939 2 40.825 10.7094 76.0129
96392 2 32.2775 16.4545 76.1175
95940 2 41.7435 7.96479 76.8882
78608 2 29.6669 30.7396 62.7934
78614 2 32.4611 30.7917 61.8435
91964 2 29.7701 23.6034 73.4878
96384 2 28.8553 17.2605 76.9495
74765 2 22.5926 45.0059 59.2119
74796 2 36.8254 45.21 58.8271
79398 2 41.4229 45.5929 60.6168
79178 2 27.0884 43.2436 61.9588
79209 2 41.3688 43.7459 62.9183
92762 2 22.6354 38.1032 73.4809
79752 2 29.6455 52.1858 62.7342
79758 2 32.5781 51.9969 62.0252
99860 2 36.543 66.4532 76.8552
99869 2 39.7823 66.8634 76.9806
96928 2 53.231 23.6058 75.9973
89193 2 47.8885 55.2026 70.7596
77877 2 65.2833 16.5394 62.9444
74891 2 79.6892 44.9706 59.2873
88280 2 72.3491 37.9813 69.9331
88286 2 75.1589 37.8293 69.0806
98011 2 75.1029 37.8985 76.1883
98003 2 72.1383 38.2193 77.0963
80643 2 65.262 66.3157 62.8828
80650 2 68.1086 66.3728 61.9922
81055 2 79.6939 73.4681 62.9191
